3732
933
6998
1399
2333
2333
2333
3266
2333
3732
4198
6998
5132
6531
6531
8863
13062
10730
7930
10264
11663
12130
23792
12596
14462
24725
21460
15862
24259
20526
20527
22859
23325
29391
28457
25658
33122
33589
33123
38253
35921
38254
44318
45718
44318
44318
49917
53182
54115
59713
60646
60180
62045
67644
67178
69977
68111
76508
76508
83039
82572
90037
90503
88637
94235
90036
97967
104965
103099
112429
112895
133888
125958
71376
42918
27524
26591
28924
28457
29856
27991
29390
32656
32189
45251
50383
55981
56448
53648
53182
59247
58780
67644
64844
68110
65778
70443
70443
71842
77907
76041
79774
82572
81639
73709
82572
86305
78840
83506
86305
89103
88170
95168
85371
99367
97967
102633
113362
118027
107764
104965
99367
108230
104498
127357
61579
111029
118027
115694
120826
117560
124091
123159
120360
118027
117560
120360
119893
125491
122226
40120
41986
36388
44318
45251
46651
47584
38254
39186
38720
39653
40120
39187
42453
41520
42918
43385
42919
40586
42452
44319
43386
45251
46184
47117
45718
47584
46651
50383
49450
52249
46185
49916
50850
51316
51782
55981
52249
54115
54115
55514
55981
56914
52715
55514
57847
58780
59246
61579
60646
57848
62045
63446
62979
59713
60647
63445
65311
65311
67644
63912
69043
68577
70443
69976
69510
68577
69977
73242
71376
69510
75108
76042
76508
71843
77441
79307
76507
81173
74175
79306
80706
80239
76974
83505
89104
83505
84904
80239
85371
106365
90970
84905
91436
93769
86771
92835
88170
89570
90970
93302
95168
91436
94701
96101
96101
92369
106364
101233
96568
94235
100766
100299
101699
97500
106365
102632
123625
131556
106364
104964
109630
108230
106364
108696
112895
109630
110562
113362
95168
115228
118027
109163
117560
118027
118493
113829
116628
120826
113362
119893
122692
125957
130623
122692
125957
126424
121293
138554
128290
125958
133422
135288
122226
129223
137154
131555
131555
132955
130622
141352
135754
137620
135288
138553
136221
138554
142285
136687
137620
150683
140420
145085
151149
145551
153482
153481
148350
158613
148816
153015
158613
150683
160946
157213
160479
157213
161412
161879
166544
157214
160013
164211
160479
160946
165144
166077
169343
170276
171209
167011
170742
176341
170276
174475
174941
178673
175874
177274
181472
180539
177274
175875
185204
184271
178207
175407
183805
187070
181939
187537
188470
192668
189403
192668
195001
202932
201532
186604
246783
250516
256580
263578
228123
204798
207597
243519
265444
247250
258447
249117
210863
202465
222058
259846
266377
271042
263578
274307
266377
245384
261712
254248
286437
259380
215527
229056
264977
259846
209930
227191
229056
227656
233255
226723
236054
234188
232322
239319
236054
233255
236987
242119
239786
232789
233255
296701
297633
314894
302765
314894
315827
303231
313495
318626
321892
319560
323292
366211
331222
320493
329822
341485
331689
343817
335887
260313
268243
258913
268243
276640
266377
272909
274307
268710
271975
277107
333088
317693
338220
341951
345217
353614
285038
295301
287370
278973
284571
292501
286904
285504
293901
293434
293901
295301
292036
298566
299033
291568
299965
298566
301366
306031
299966
298100
313961
312562
346150
347549
410528
373674
385338
424523
403997
415193
398865
429189
434321
398400
445051
429656
424524
411928
417526
399332
319559
330289
418460
400732
330756
336820
327489
331688
342885
344285
336820
335887
347083
340086
348950
421258
433854
436187
467443
336820
356880
361078
352681
356880
355014
352214
369942
350349
435720
380672
363877
366677
360612
369476
390469
377406
371342
375073
375540
381139
380206
380205
376939
380672
376474
376474
381605
383938
385804
393734
399799
393268
395134
389536
390469
383938
396533
403997
401198
399333
404464
405397
397933
408196
410995
412861
416127
417993
410995
408196
413795
415193
422191
416126
423124
419859
425456
425924
431988
427322
424524
436653
430122
424990
439919
430122
445983
446916
436187
434320
435253
444117
437119
444117
435253
445983
445983
448782
453914
459512
451581
449249
458112
469775
452980
476773
463711
467443
454847
470242
468842
473974
469309
440385
461844
448783
459046
445050
447850
459046
447383
454847
441785
464644
452514
466043
455780
457646
467443
468376
456713
496366
512694
470242
499165
496833
506163
511295
505230
509429
510828
514093
485170
474907
502431
481438
479572
506629
582671
582204
549549
624656
580338
553747
528556
681104
703964
630255
633987
658712
675039
664310
650314
668042
657312
666643
675040
663844
660111
672241
672707
656846
528089
530422
522025
531821
672707
529022
525290
527622
540218
551881
598999
700232
554680
761810
624657
552814
552347
549082
544883
549549
649382
668509
689502
697899
556079
558879
558878
560278
570075
557479
576140
643783
700697
805662
730554
720291
715159
728689
735220
743150
740818
738018
736152
735219
780471
777671
771141
756213
778605
762277
770674
745949
742217
761810
778605
772540
778139
797265
733820
778604
833653
804729
800997
616260
617659
623723
621391
624190
632121
626989
633054
626057
634920
629322
656846
667576
637252
634920
632120
626989
657312
621857
638652
638186
646116
654513
660578
669908
678772
666176
674107
765542
663377
660578
677372
660578
660578
664776
669908
667576
672707
665243
665709
662911
687635
687635
682970
662444
772540
705829
696033
710495
832720
859311
845782
885435
876105
891966
870974
895232
933486
797731
706296
724956
708161
708162
711894
713760
719358
728688
719358
730554
724023
750148
863510
973606
963343
967541
1052912
992267
981070
975472
961477
741284
895233
930220
900364
738019
754812
755279
783269
781404
780004
792600
787002
846715
803330
813126
826656
794000
816858
786536
802863
804262
803796
777205
791200
841117
834120
843449
789334
834119
823856
827122
835519
845316
857911
862576
832254
809395
821057
840651
894299
865376
856512
866309
882636
837385
828522
814993
811261
851847
842050
830387
868175
888701
839251
871440
908294
928355
905495
919491
912960
868641
869574
884502
862110
923223
862110
848115
868641
884036
881704
904562
898032
887768
866775
874706
894765
876106
912959
855579
909227
924156
892900
904562
919024
912493
913892
956345
940484
975472
989467
969874
974072
976405
925089
898031
933486
955879
956345
983402
998331
994599
1015125
978271
1056644
999730
997398
1007661
1004395
965209
992733
1016524
1138284
998797
1016525
1023988
963343
971740
948881
999264
968008
960543
990400
1026322
1149480
1294565
1270306
1235784
1201729
1258643
1241849
1259110
1444314
1321156
1372005
1394864
1252112
1241382
1205928
1210126
1228786
1435450
1369206
1349146
1273571
1282435
1364541
1046848
1022123
1037518
1200796
1092099
1094898
1079970
1040317
1010460
1056645
1061310
1050113
1031453
1157877
1065974
1033319
1054778
1145282
1071107
1075771
1073906
1056644
1094432
1095365
1139683
1073905
1092100
1045915
1105161
1111226
1096297
1112159
1121489
1106094
1190533
1081370
1192399
1156944
1152279
1138284
1154612
1176071
1163475
1247914
1198463
1161143
1184468
1140616
1127554
1137817
1153212
1130819
1172806
1216191
1169073
1107494
1149480
1205461
1191932
1198463
1210593
1177937
1171873
1208726
1144349
1166274
1184002
1162542
1174205
1149480
1207793
1215258
1304361
1459242
1218990
1245581
1164409
1227854
1196598
1195198
1205928
1275438
1243249
1252579
1252579
1194731
1205928
1271239
1207794
1225988
1258177
1235784
1189133
1217124
1321156
1211059
1217124
1213392
1230653
1289899
1227854
1228320
1210126
1223655
1235318
1253045
1236718
1248380
1310426
1254911
1252578
1241382
1269373
1269373
1256777
1260510
1268907
1492831
1604327
1243715
1259576
1281036
1288500
1280103
1286167
1515224
1751277
1679435
1287100
1291299
1302029
1278237
1288034
1404194
1300629
1302029
1325355
1726552
1697163
1724686
1710691
1713024
1702294
1836183
1628585
1796995
1824519
1963073
1755943
1797928
1713490
1796063
1681767
1460175
1379002
1686899
1409326
1457843
1361275
1384135
1375737
1448980
1389733
1412592
1376204
1410259
1442914
1433584
1400462
1487700
1377603
1445714
1384601
1436384
1448046
1430786
1431252
1473705
1460642
1449446
1449446
1420522
1458776
1438250
1441049
1514291
1462507
1441982
1448513
1487699
1505893
1469972
1469972
1498429
1465774
1483967
1496096
1518023
1493298
1502628
1482101
1539948
1542281
1663107
1483501
1539948
1539482
1525953
1601061
1516157
1499363
1542748
1523621
1539482
1537149
1605260
1510092
1510559
1516157
1536216
1570272
1530152
1542748
1587067
1575403
1521755
1537150
1544614
1521754
1555810
1589398
1504960
1550678
1555344
1546946
1690165
1631851
1690165
1689231
1600595
1608059
1625786
1605260
1582401
1585666
1582867
1582867
1631385
1608526
1608992
1699961
1671505
1665440
1636983
1636982
1631384
1652844
1652844
1672438
1665440
1667306
1666373
1655176
1662641
1639315
1680834
1661708
1664507
1696230
1689232
1662175
1662174
1659842
1691564
1660775
1652844
1643514
1736349
1680835
1721421
1644447
1659376
1703227
1712091
1713024
1677569
1699029
1691565
1707425
1704160
1741947
1777402
1748945
1720022
1752211
1775536
1782534
1728419
1734016
1732151
1746146
1737749
1733084
1754077
1774136
1751277
1760608
1743814
1735882
1761541
1775536
1848778
1769005
1775069
1769005
1780667
1776003
1777869
1760608
1789532
1799328
1774603
1822654
1789998
1820321
1819388
1758741
1852977
1833383
1891230
1864173
1951877
1829185
1838515
1852043
1866972
1834316
1825919
1852977
1811923
1853909
1872570
1834783
1915955
1933683
1836649
1891697
1853443
1851577
1837582
1837581
1895429
1808192
1854376
1856242
1864639
1941147
1838515
1907092
1905692
1898228
1896828
1893097
1923886
1902893
1913623
1950011
1957942
1963073
1933217
2131016
2407190
1947679
1964473
2200527
2133816
1973336
1981267
1974269
1942546
1975203
1958408
1975203
1993396
1973336
1979401
1983132
1934149
1902426
1995729
1967271
1975669
2172536
2033982
2012523
2012523
2015322
1952343
1966805
1976135
1971003
2011124
1984999
2009724
1980334
1995263
2001794
2000861
2010656
2043779
2020454
1987798
2006925
2042846
2085299
2038647
2447310
2696893
2651641
2574667
2141280
2130550
2101626
2069904
2065239
2138947
2107225
2101627
2081100
2129617
2058241
2034916
2096961
2069437
2077368
2094629
2252309
2057774
2118887
2089031
2069904
2111423
2109557
2103492
2126818
2086231
2099761
2121219
2151543
2145945
2116555
2162273
2099760
2139414
2137548
2103492
2185132
2132416
2172069
2138947
2257440
3136345
2186998
2129617
2354475
2215921
2166004
2152942
2171603
2335814
2697826
2243445
2160873
2182333
2171137
2199127
2200992
2189796
2215455
2277967
2224318
2178601
2228051
2209857
2231783
2241579
2211722
2262106
2225718
2236447
2281233
2231782
2229916
2193062
2220119
2256508
2234582
2251842
2282165
2262106
2270969
2221053
2311089
2507957
2436580
2254175
2241579
2288697
2295228
2308757
2309223
2331149
2352609
2277967
2280766
2317621
2542011
2530349
2308757
2328351
2327417
2428650
2335348
2300826
2587263
2914752
2315288
2356807
2385730
2345144
2344678
2481831
2372202
2351675
2454774
2385730
2389463
2390396
2424917
2418387
2374534
2556940
2402058
2352142
2432849
2426783
2419319
2361938
2391329
2419319
2367071
2441712
2404857
2420719
2410455
2440313
2428184
2467370
2447310
2471103
2868569
2397394
2500025
2399726
2784130
2985663
2466904
2471102
2438913
2511689
2541078
2508889
2486030
2521952
2487430
2476700
2501426
2517753
2425384
2466903
2490229
2490229
2455707
2459440
2545278
2533614
2486963
2449643
2543411
2535014
2500025
2466904
2555541
2515887
2561604
2570002
2517287
2534081
2550409
2583531
2581665
2562538
2597526
2678232
2682431
2586330
3273965
2675900
2519619
2552275
2648842
2571868
2560672
2631581
2638579
2543411
2621785
2630648
2622252
2597993
2653974
2757539
2910554
2721152
2625517
2638112
2716486
2658172
2670301
2634847
2588196
2640911
2632981
2688962
2667970
2788328
2744011
2700625
2692227
2718819
2684297
2637646
2666570
2756140
2660971
2716486
2701558
2681498
2735147
2744477
2755206
2723950
2715087
2683831
2686630
2740278
2714154
2905422
2736546
2739812
2723017
2830314
2733281
2760805
2733280
2737479
2776199
2778066
2747276
2800925
2815853
2778066
2754740
2738412
2759871
2823784
2805590
2898891
2888162
2853173
2798125
2810721
2799058
2786463
2876033
2860171
2907289
2863437
2841511
2817253
2808389
3440509
3050508
2814453
2929214
3088295
2906356
2866702
2880697
2866702
2890494
2863437
2886762
2924083
2883496
2915686
2980064
2900291
2953473
2924083
2914753
2946475
2876033
3434911
2898424
2890494
2938545
2991727
2950208
2979131
2946476
2924550
3004789
3012253
3735344
2980997
2981464
3243175
2981931
3011320
2948342
2996392
3023450
3072433
3031847
3049108
3011787
3034646
3016452
2993593
3093893
3343941
3038377
3202589
3048175
3030914
3369600
3212853
3020651
3056105
3105088
3091093
3076632
3043976
3050507
3107421
3103223
3047708
3066369
3091560
3086895
3112086
3072433
3094359
3147075
3087361
3200723
3085962
3122349
3122817
3116285
3759602
3109287
3262769
3138211
3132147
3200723
3173666
3192793
3246908
3615917
4190657
3175065
3228714
3194659
3154539
3267434
3191393
3201190
3171333
3224048
3223583
3232446
3180664
3195592
3197924
3191860
3209587
3197458
3213786
3230580
3361669
3315485
3285628
3237111
3225915
3204922
3240843
3330879
3189060
3292159
3309887
3250173
3364002
3337877
3340210
3310353
3378464
3248774
3264635
3231980
3280497
3272099
3263702
3368200
3416251
3261836
3257638
3348140
3276298
3418583
3445175
3419516
3358404
3374731
3350473
3330413
3325748
3412985
3454038
3429313
3344874
3371933
3339743
3398990
3453105
3428847
3330879
3361202
3383128
3433978
3439577
3451239
3486227
3482495
3393858
3448440
3391526
3431646
3379863
3613585
3386394
3408320
3420916
3401789
3486694
3487626
3526813
3555738
3552472
3547340
3508153
3533345
3657903
4685624
3969531
3724147
3467100
3535677
3600522
3840308
3551072
3507220
3618249
3551539
3556670
3648106
3611718
3529613
3595391
3685426
3577197
3592591
4163599
3620116
3669566
4129544
3639242
3680761
3779195
5180590
3651838
4351136
3618716
3690092
3987725
3810918
3620116
3672365
3601455
3605188
3843574
3685894
3705953
3718549
3729745
3656503
3656970
3704088
3731611
3757269
3762868
3659769
3730212
3829112
3666300
3813251
3714817
3782927
3722748
3764267
3764267
3773597
3716216
3882760
3725080
3730212
3846839
3741408
3773131
3777329
3794124
3790858
3829578
3719015
3792258
3902820
3869232
3789925
3854304
3783860
3793191
3980262
3864567
3800655
3857569
3897223
3860368
3889758
3882294
3754004
3838909
3966265
3815116
3874830
3917749
3830512
3887426
3967665
3855237
3941541
3973730
3880895
3916815
4029244
3929411
3871098
3921948
3906086
3901887
4005919
3885093
3998455
4022246
3988658
3956936
3995656
3959735
3974196
3998921
3980727
3922414
4038108
3978862
4018048
4052104
3956003
3934544
4020381
4004053
4001254
4025979
4141674
4083826
4156135
3992390
4032510
4163600
4081494
4019448
4109951
4014783
4067499
4082893
4021780
4086625
4144473
4018982
4106219
4073096
4093156
4093623
4181793
4051170
4089891
4157069
4116015
4217715
4154269
4096422
4190657
7360590
16022744
10606099
4360466
4161733
4131877
4193456
4102020
4346005
4645970
4128144
4276028
4144006
4188791
4325479
4298420
4241040
4383326
4246172
4196722
4363266
4182260
4245238
4251303
4289090
5879888
5051833
4517680
4480360
4246638
4510216
4241973
4268097
4864764
4283492
4386124
4343673
4330610
4592788
4381926
6683219
5540269
4426244
4588124
4341340
4470096
4490156
4382392
4465898
4405718
4352536
4386125
4283959
4445371
4379593
4373996
4451436
4331543
4440706
4599320
4410383
4340873
4516747
4425778
4372596
4522346
4404785
4490156
4465431
4410383
4484558
4461232
4444904
4407584
4528877
4499020
4572728
4405251
4490156
4516280
4612848
4514415
4507884
4561065
4515348
4491556
4563398
4339940
4561066
4585325
4522345
4549403
4497153
4568530
4503218
4492022
4441173
4611449
4488757
4501352
4516747
4743471
4923544
4582992
4638506
4490623
4552668
4679559
4715480
4681892
4629642
4603985
4643638
4705217
4584391
4712681
4686556
4698220
4600719
4662765
4721078
4718280
4723877
4788722
4666497
4711282
4732275
4634774
4754200
4706151
4759332
4651568
4734608
4914680
5133006
4686090
4745803
4679092
4668363
5140471
4759332
4794321
14976362
16579290
4827910
4761665
4845637
4836306
4777059
5207649
4938939
4772861
4804117
4885290
4812981
4819512
4928675
4911415
4795720
4919812
4826043
4749535
4840038
4937539
4850768
4868029
4804117
4869428
4905349
5443236
4987455
4880624
4899285
4823711
4934274
4937539
4889488
4983724
5427841
5105016
4839105
4861498
5668560
4866629
5001451
4983723
4908616
4882958
5127408
5706347
4917945
5021044
4994920
5017312
5028975
5090554
4915146
4979058
4929142
6035703
7388114
5093820
5135806
5134872
5148868
5038305
5132541
5243103
5120878
4997719
5060231
5082157
5506681
5014979
5030374
5043903
5202516
5195985
5210447
5160998
5148401
5295352
5100351
5139071
5034573
5042971
5253833
5131607
5110148
5095686
5255232
5201117
5147468
5120877
5218378
5289753
6066959
6325405
5183856
5311213
5246369
5218378
5200184
5224909
5330340
5289753
5229107
5101284
5131607
5260831
5097085
5164262
5252433
5215579
5255232
5265029
5219777
5354133
5735737
5850033
5270161
5401716
5401250
5488020
5296285
5251500
5259430
5362996
5255232
5359730
5236105
5284622
5252900
6335669
5485222
5307481
5786120
5369061
5400783
5395651
5370927
5485688
5245902
5380257
5533272
5385855
5450700
5258498
5380723
5500616
5521609
5362529
5474025
5408247
5471693
5487088
5347134
5496418
5425508
5401716
5466095
5474025
5428307
5391453
5436238
5481023
5392852
5555198
5513679
5423642
5542136
5413379
5439970
5570593
5507148
5550067
5495018
5534672
5422709
5732472
5587853
5492219
5520676
5502949
5691886
5701682
5690952
5532805
5689086
6051097
5584588
5656897
5668560
5659696
5714744
5685354
5627973
5739469
5773991
5694685
5643835
5764660
5767460
5688153
5631239
5735737
6398648
6546997
5623775
5681622
5745067
5905080
5636370
5801048
6040835
5886419
5773991
5737603
5734337
5746000
5730139
5801982
5795450
6079555
5894817
5749266
5775390
5967592
5803381
5906946
5895750
5992784
6344999
5726873
5925140
5831838
5941934
5757197
5770726
6207379
5970858
5851898
5982987
5863560
5948932
6045500
5916743
5948932
6090751
6063227
6070691
5952198
6041768
5807113
5967593
6326338
6496614
6327738
6063694
5964794
6286686
6036636
6022174
5921408
6373923
6030571
6052964
6461626
6342200
6000248
6541866
6089352
6281087
6246565
5995117
6136936
6233969
5926540
6135536
6101947
6201781
6115476
6264293
6358527
6115476
6396781
6066026
6212043
6079555
6276422
6024973
6567524
6296948
6220907
6308611
6276422
6217175
14332578
19930695
6246098
6207379
6325406
6093083
6278288
6084220
6280621
6295082
6475156
6277355
6347798
6396782
6680419
6267092
6309078
6286685
6767190
6189184
6392116
6665025
6459294
6345932
6245166
6532069
6249831
6351530
6322606
6484019
6393982
6282953
6448564
6427105
6449030
6363659
6578254
6611376
6449031
6339867
6676220
6488218
10274877
24406390
6478421
6343133
6502679
6360394
6501746
6395382
6428038
6540000
6489150
6349664
6342666
6382320
6487284
6565192
6441100
6498480
6372989
6591316
6516208
6999979
6593182
6560527
6555861
6723805
6548864
6683218
10858015
22762409
6892215
6507811
6560526
6991115
7047096
6527871
6658027
6734068
12908324
21807464
6867023
6851162
6706078
6664091
6628170
6802178
6631903
6755994
6667824
6601112
6689750
6725204
6766724
6851628
6767191
6788649
6870289
6617907
6686017
6698613
6723805
6641699
6625371
6847429
6709809
6711676
6693015
6664558
6795647
6926270
6755994
6769523
6810576
6653828
6783985
6817106
6795647
6890815
7286883
12802426
11663676
7739396
7048962
7129668
6839966
6884751
6962658
6884750
6999045
7073220
7952592
8933661
8152725
8278682
7441296
7689480
7352660
7285016
6991581
6984117
7221571
7152994
7341464
6931868
7053627
7037766
7222503
7038699
6969188
7154860
7115206
7019105
6982718
7187515
7173053
7017706
7315805
7137599
7060158
7027969
7102145
7494945
7122204
7393712
7230434
7176785
7498678
7190315
7294346
7336332
7026570
7228568
7201044
7199178
7143664
7629301
7302277
7278485
7208975
7195446
7270554
7217839
7368055
7304609
7414240
7260757
7568654
7190781
7364789
7295279
7998776
8389711
7452959
7187982
7473019
7417505
8113537
7302277
7480483
8554388
7928799
7473486
7694145
7406309
9693140
8393909
8283813
8820299
8643492
7970319
8084614
7514072
8407438
9692206
8715335
9187443
8492343
9529394
9312467
9510267
9379178
9108136
8002042
8919666
9150588
7783248
7711872
7707673
8917334
7519204
7592446
7584515
7883081
7691346
7687614
8187246
8509604
8523133
8557655
7817770
7808440
8242760
7884481
7666621
7635831
7810773
8775048
8046826
7746861
7879816
7754324
7926467
7637231
9140325
7911073
7972651
7932065
7911072
7942795
7846693
8844092
7847627
8037962
7819170
7876084
8489544
8395309
7807040
8015570
7713738
7838297
8043561
7753859
7674552
8030032
7906407
7759456
7713738
7805641
7724002
7778117
7759456
7857890
7737530
7947926
8840826
7946993
7891012
7786513
7752925
7708606
7896611
7930665
7999709
7897544
7876551
7965187
7910139
7942329
7972185
7932531
7992245
8485345
8062687
7904541
8034230
8086946
7923201
8743792
8067353
9680077
8168119
7871885
7971718
8072484
8085546
8128466
8059422
8135930
8027699
7893811
8202641
8072018
7983848
7927400
7886347
8190045
8042627
8106540
7954924
8237162
8251158
8547858
8327665
8065487
8064554
7909672
8081815
8124733
8046827
8205439
8121935
8183980
8181181
8193311
8232963
8121001
8374316
8736328
8469484
8301075
8421901
8316469
8362653
8228299
8768983
8575848
8211504
8352857
8621100
13157440
8365453
8256755
8375716
8434029
8460154
8412570
8402307
8235296
8338861
9006437
8392044
9052622
8522667
8288478
8498874
8444760
8677081
8286612
8386912
8308538
8441960
8488611
8304340
8687344
8482080
8336063
8703206
8267019
8347725
8539927
8465286
8652356
8567451
8488144
8528264
8475083
8868817
8467152
8574916
8601973
8572583
8492343
9179046
8638828
8508204
8521266
8391110
8576315
8695741
8721866
8606638
8465286
8738660
8718601
8548325
8662620
8664485
8870216
25143008
33904994
33001365
8822632
8833361
8793242
8721399
9151521
8878147
8537595
8659820
8812369
8896340
8622966
8937393
8973315
8672882
8881413
8899606
8943458
8923865
8874415
9193973
8959320
8837561
9064284
8881413
8700873
8827297
9239692
9044691
8890276
23757475
16541969
9371247
8940659
9847553
9784575
9842889
10143321
8827764
9319931
9464083
9763582
8927130
9586775
9086210
8866484
10128860
9159919
9153854
9070349
9046556
8893542
9037693
8996641
9026496
8950456
9045157
9116533
8956054
8973781
8991042
9265349
9011568
9176713
9197239
9181845
9048422
9085744
9255087
9035360
9331128
9115600
9088542
9200039
9280745
23432783
16715510
9212167
9151988
10440487
9413233
9364716
9945055
9088543
9168316
9397372
9329262
9370315
9348855
9713200
9356786
9588641
9247622
10097137
9378711
10672343
10009433
10071478
9995904
10057017
10147054
9929660
10049552
9883009
10612163
10736255
11976238
10808097
10063548
10044421
10739054
10127460
9903535
9944588
10068680
10241755
10258549
10148452
10130725
9995904
9957184
10168979
10094338
10016431
9904934
10562247
32492869
10185774
10051419
10149852
9998236
10089206
11786368
11727588
10171778
10168046
10204434
10156850
10229625
10747452
13375300
13571234
14515451
11391701
11115061
11225157
11516726
11257346
13367369
11212562
10888337
12715655
11336653
10847751
10662546
10516529
10753983
10687738
10844019
10739987
10931723
10946651
10692403
10461947
10335057
10957848
10730657
10589771
10497868
10882273
10358382
10562247
32764844
10411098
10136790
10352317
10401301
10296803
10271611
10767511
10303801
10479675
10788971
10612164
10603300
10688204
10568311
10441421
11117393
10570644
10536122
10502067
10614963
10443754
10620094
10890670
10648551
11255480
10898134
11014761
11060946
10650418
11089869
10956448
10919127
10790370
11175240
10743252
10729257
11313327
10867344
10724593
10774042
10783373
10818827
10828158
12721254
10811363
10750717
11778904
10915394
10752116
10870143
10709663
10929390
10610764
10799701
10815095
10760980
12456277
31049488
10929390
10798300
10755848
10908397
10804366
10927990
11316127
11051149
11032022
10867345
10931256
11175707
11029689
10863612
10925658
12345247
10928457
10897201
11113195
10957380
11365110
10958781
11189703
11049750
11341318
11921190
11013361
12095198
11300266
11377239
10860346
11068877
11137453
11091735
11006364
11110396
10999833
11084738
11244751
11171042
11183638
11258746
11157513
11236820
11103398
11081938
12019623
11256413
11447216
11094068
11266676
11266677
11270408
14950238
11347383
12314457
11325923
12557975
11400565
11575506
11338052
11315194
11417825
11419225
11418758
11272741
11227490
11288602
11380505
11588101
11366510
11374440
11536786
11479871
11181305
11540518
11407563
11365576
11600697
11516260
11563377
11288136
11244751
11462144
11565243
11603030
11473341
11700064
11365576
11494800
11627755
11461211
11595100
11754646
11476606
11678605
11571308
11484070
11519992
11579239
11579238
11841883
11784502
11714060
11720124
11770040
11610961
11552180
11556846
11685602
12014958
11575506
11609561
11563376
11595566
12445080
11875938
11821357
12477270
11705662
11852613
11791500
11959444
12690464
13811487
11895999
11889934
11822290
11962242
12046215
11887134
11887601
11826488
11752313
11817158
11809227
11736452
11781703
11759310
11964576
11728988
12422688
11875472
11862409
11785902
11954779
11734119
12007494
11731787
12018690
12836015
11978104
11954779
11887134
12486133
11973905
12069073
12164708
12110592
12711457
11939850
12004695
12780501
12020090
11946848
12202495
12188033
13040346
11983236
12104528
12224887
12142315
12209960
12814089
12298597
12042482
12185700
12416156
12455343
12471204
12508526
12326586
12527186
12333117
12234218
12210893
12063476
12070473
12353178
12485666
12381635
12261742
12599028
12458142
12462807
12412425
12468405
12484267
12207627
12275737
12391431
12432951
12361108
12382101
12412425
12583633
12545380
12968037
12231419
12526253
12390032
12654543
12241682
12662474
13038947
12520188
12301861
12653143
13420086
12715655
13317453
12902726
13072069
12864472
12252412
12660608
12613956
12575703
12194098
12685333
12491265
12767439
12536982
13880531
13023553
12600894
13161173
12606026
12745979
12671803
15766163
12590165
13040346
13280599
12896195
12804293
13255408
13219952
12841147
12584566
12656875
12696063
12773503
12466073
12779101
12864006
13016555
12957774
12829484
16630139
31165649
12754843
12958241
13015622
12694197
12815489
12811757
12634950
12844879
13315587
13514787
14200557
13315121
14743573
13017021
12996495
13196627
12982500
13796559
13345911
13193828
13295527
13133648
12804293
13010957
13743377
12911590
13571235
13164438
13007691
13571701
13178434
13184032
12968971
13795160
13934179
13140180
13126184
12898061
13289463
12903193
13105658
13345911
13113588
13163039
13291795
13316987
13231149
13038014
13068803
13211089
15769429
16604481
14392759
13310922
13778831
13651008
13578699
13151376
13571235
13256340
13323518
14164168
13327717
13458806
13227417
13469535
13721451
13343578
13658005
13832480
13431748
13744310
13480266
14070400
13969168
14438477
13490062
13690661
14133845
13593627
13627682
13903856
13553974
13816152
13648209
13463471
13587563
13635147
13756439
13554907
13470935
13467203
13503591
13508255
13755972
13679932
13848341
13801224
13980830
14258870
14055938
13805422
13614620
14264001
13737312
14804220
14201489
13750841
14005555
13706056
14264935
13763437
14618083
13692994
13914120
13931381
14060603
13887528
14057338
13713054
13957038
13878198
14027481
13803090
13769501
13810554
14072266
14231346
13938844
13938378
13728915
14026082
13733114
14037278
13884263
14156238
13960304
14634410
13960770
14259337
14154372
13943043
14111453
14129180
14526180
16731372
18540496
17454461
15382692
15560898
16748166
14996889
14296657
14442209
14596156
14425414
14377830
14591958
14270533
14353572
14129646
14627879
14667999
14148774
14701588
14793491
14601288
14317184
14275664
14416550
14519182
14335844
14743107
14947439
14686193
14320449
14367100
14423548
14264468
14372698
14469732
14680128
14601754
14225281
14278463
14518716
14557902
14664734
14324647
14457603
15388290
14584961
14980094
14597090
14922713
14712784
14776696
14558369
14632544
14624147
14667066
15558566
14673597
14718849
14758036
14495391
14709984
14680595
15329977
15450336
14610619
14807019
14756636
14640475
14698789
14632077
15183492
14845273
14619016
14695989
14746372
14784160
15942037
15261399
14587293
15102786
14826612
15015082
15328111
14728179
14815416
14570965
14847139
14678729
14925512
14695523
15059867
15126111
14746839
15665863
15967229
15205418
14664734
14950704
14857869
14919448
14932510
14897055
14840608
15530109
15025346
15023013
16130507
15088791
14997822
15586556
14915716
14907318
18063257
15559965
14821014
15290789
14739841
14767365
15535707
15287990
15033743
14946506
15364498
15235275
15063133
14898455
15631342
14907319
15175562
14997355
15606150
15202153
14990357
14987091
15382692
15215682
15468996
15194688
15414414
15260467
15130777
16088522
15108851
15588423
15148971
15509583
15428410
15268397
15983090
15295454
15196554
16022276
15402285
15440073
15890254
15556700
15244138
16262996
15883257
15468996
15392489
15577227
15378493
15576760
17182020
16981887
16215412
18596478
19616734
28283086
22156880
17612142
16818143
16496717
15750768
16539637
16663727
15959298
15533841
15857132
15986355
15450336
15566497
16339503
15671928
15655600
16146835
15713447
15750302
16210747
15469929
15744237
15719045
17737633
15834740
15372895
15702251
15378027
15685457
15724644
15878592
15581892
15643937
16149634
15759166
15661198
15853867
15699919
15795086
16065196
15934573
16046069
15672394
16402015
16014813
15630875
15551568
16356298
16752831
16154766
15956499
15992420
15881857
15895386
15598219
15940637
16003616
16203282
15948568
16021811
16294252
16185088
22667708
31864948
16081057
16436537
16366561
15793687
16083856
16284922
16243403
16196285
16141237
16292852
16187888
16729505
16423941
16640402
16450533
16232673
16228941
16607280
16474324
16146835
16203749
16784087
16257397
16414145
16534038
16254132
16146835
16608679
16178091
17177821
16166895
17437201
16532639
16312912
16721575
16455198
16437003
16583022
26739405
31168448
17418541
17302379
18575951
17068658
17057462
17739966
16955296
17155895
17297715
17173156
16996349
17257594
17446998
17137235
17673721
16999615
16453331
16973490
16785021
17455861
16243403
17549163
17041601
19526231
18272254
18184083
17594881
17509044
18273187
17167091
17111577
18080518
18397744
18706108
17859858
18637064
18576418
17269724
17061194
17015476
17384019
17219341
16773824
16604015
17284186
17074723
16982354
16829805
16783621
16877856
16799482
17194616
17309377
16850798
16941767
16826074
17113443
17184353
19281781
17439533
17933100
17119975
17327571
16960894
17774488
17525837
17712909
17059795
17361626
17170358
16829339
17443732
17502512
16962760
17260393
17069591
17266459
17449796
17978352
17142367
17200214
17238934
17106911
18201344
18117372
17010344
17031803
17093383
17142834
17644331
17679785
17057928
17584618
17620539
17331304
17955493
17441866
18210207
17420873
18052527
17220274
18381883
18290448
17398947
17318240
18098712
17455861
17676520
17321973
17157761
17021540
17847730
17496447
21144553
17011744
17292583
17602811
17522572
17345298
18851192
17503912
17754427
17205346
17327104
17370023
17855193
17497847
18956156
17441399
17570156
17703578
18221870
17736234
18556358
17923770
17602346
17812274
17989082
20539024
36803419
17735767
17575288
18715437
17688649
17799679
18645928
17564092
18477984
18545161
17759093
17488051
18326835
17886917
17588817
18407541
18354359
18462589
18037133
18147228
18170554
18316572
17983484
18447661
18535364
18194346
18797077
18503176
20391140
18253593
17976020
18049728
17881785
19900372
17955959
17903244
18097779
18315173
18672518
40084382
18170554
18179418
18659457
18624468
18361823
18318904
18620736
18484048
18459323
19112437
18826467
18710772
18526501
18312373
18350161
19155822
18771419
18297445
18418271
19134829
18327301
19481913
18206009
18323103
18219537
18126236
20070648
18398677
18160757
18397744
18657591
18244730
19017269
18660389
18825533
18818536
18734098
18482649
18960821
18872651
18807807
18606741
18527434
18375352
18991145
19336362
18547494
18279717
19047126
22659777
18438331
18690246
18303043
18344562
19295309
18523236
18373952
18374886
18542363
19345692
18773285
19289244
18653391
18744828
19194076
18882914
18818536
18973884
19589210
21001336
22751213
19894308
19552356
20011868
19706771
19316302
19515501
22780137
23499029
29893943
20159751
20436858
20149489
19965217
20007670
19345692
20685975
20503570
20291307
20212467
20165816
20480243
20297372
20219931
20205469
19791209
19069518
19027066
21180941
19357355
19233730
19016336
19104040
19931162
18991145
19386745
19127365
18972484
19351757
19314436
19101241
19487045
19368551
19253790
19420334
19423133
19730097
19047125
19108239
19947490
19857920
19220201
19150225
19135296
19956820
19146959
19648924
19647524
19423133
18903441
19368084
19451123
19708170
19007473
19530430
19606938
18886647
20091174
19291577
19458587
20295506
19544892
19623266
19805671
19567284
19547224
19442726
19610669
19586411
19620933
19707237
19328431
19438994
19920433
19964750
19699307
20073447
20226462
19114770
20038926
19489377
19597141
19979678
19787943
19856054
19497774
19335895
19366685
19326099
19623265
20482576
19853721
19703972
19813135
19713302
20205936
19952154
19671782
19642392
19666651
19907837
19792608
19897573
19804271
20087442
20098638
19803805
19770682
19585945
20176546
23117423
21319961
20135960
19968483
20480244
20287109
20470914
19911102
20220865
20319298
20069249
20000206
20202670
20553952
20222730
20260984
20340757
21224794
20081845
20304370
19974547
19915767
20812399
20032861
19860719
20027729
20128962
21002735
20685975
20338891
19979212
20824528
20354286
20556752
20302970
20509168
20236726
20823129
20447588
20429394
20212933
20498904
20812399
20339824
20492839
20419597
20993871
20338425
20597804
21495835
20502637
20514299
20890772
20465782
20701836
20489574
20614132
20860915
20705568
20724229
20614132
20926227
20985940
20731226
20949552
20312301
21123561
20685508
20328162
20920629
20310434
21075976
20596405
20646321
20516631
21145486
21302700
20944421
20413067
20469980
20971478
20847387
20881908
20867447
20646788
21833122
20753152
21242987
20764815
20796071
21175810
21287305
20952351
20818930
21055450
21507032
21261181
20896371
21207532
21534089
21339554
20940222
20593139
20777877
21120762
20832459
21410464
20721429
21544352
20868846
21757081
21436123
20636991
21048453
20580077
20878177
21779940
21208932
20803535
20887041
20980808
23478035
21153418
21350285
21061049
21005534
23060976
21066180
21253251
21193537
21475776
21877441
21217796
21297569
21339089
21452450
21976340
21159948
21206133
21352150
21416529
23836315
21304100
21371277
21753349
21299901
21691303
21039589
21147353
21895634
21440788
22060779
21290572
21382474
21814928
21752882
21937154
22028123
21607331
21436588
21247186
22323424
21731889
21438922
21667977
21398335
22038852
22168076
21640920
21426325
21443586
22034188
22584203
21579807
21812596
21713695
21929689
22123291
21793002
21771542
21495835
22514692
21971208
21982405
21823791
22658377
21841986
24780997
21925958
21840119
22167143
21594736
22155480
22274440
21974008
22227322
22317359
22386402
22252048
22100432
22518425
23847978
22250182
22177407
22289835
22719957
22528222
22276306
22180672
22067310
22755412
22273973
22156413
22336486
22542683
22617791
22624789
23563407
22718557
22649047
22646715
22917757
22779204
23595130
23015724
22858977
22542683
22719491
22613127
45411457
23045114
22738151
22534286
22751213
22629920
22412061
22852446
22834251
22968140
22292634
22671440
22494166
22613592
23692630
22607061
22103231
23118823
22650913
22913092
22530554
23075904
23787798
23007793
22462444
22981202
23121155
23533550
23353944
22953678
22417192
22602863
25953802
22861776
22700364
23516289
23808791
23155211
23361408
23384267
23166407
23014325
23372604
23871303
23060975
23159409
23431851
22743282
22903295
23499495
23196730
22845448
22653246
23669305
23113225
23397329
23131885
23062842
22652780
23145414
23351611
22751213
23227519
23684233
23551277
23252711
22829120
23774735
23088033
23603060
23951542
22712027
22951813
23417389
23870837
22977471
23021322
23763073
23415056
23129552
22846848
23640381
24080299
22503963
23579268
23349279
24000526
23787331
23431384
23623587
22914958
23736482
23538681
23262974
23179003
23541947
23875968
22910759
23576003
23785465
23579734
23943146
23234984
23515356
23821386
23959474
23348812
24128816
23564340
23078237
24543544
23313358
23363741
23361875
24060706
23971137
23952476
24313088
23963672
23513957
23594196
24166137
23757942
23721087
25023116
24385396
24046244
24956405
40149694
30039495
24084031
24166604
24559871
24186197
26067631
24859371
24348543
23846578
23784066
23742546
24984395
23663239
23627785
25478895
24356473
24410121
24275767
24851440
24139546
24412455
24359739
24603257
24386796
24175001
24663436
24597659
24375133
24517419
24877098
24360205
24245444
24858437
24819251
24936811
24339679
23895095
24583197
28138468
24502490
24152608
24600458
25223715
24537013
24585996
24485696
24761404
24889227
24461905
24746941
25262902
26419846
44207861
24768401
24788928
24559405
24232848
24826715
24617718
25750404
24499225
24167070
24364404
24917685
25006321
24285564
24431115
24583664
25593190
24973199
24831847
25591791
24754873
24974132
24781930
25016118
25296024
25278763
25024049
24743209
25011920
24741343
24786129
24356940
24902756
26345670
24684896
24317753
24007524
25533011
25363667
24822050
24796392
24784729
25196657
25147207
25157937
24891093
25778862
25201322
25251239
25355737
25612318
47678228
24834179
26274295
25214384
25366000
25140676
24664370
27466227
25168200
25023582
24755806
25806852
26372728
24981130
24880364
25333344
25025448
25260102
25299289
25490559
25470031
25261035
25946338
25555869
25116417
25245175
25500822
25226980
25863300
25324480
25777462
25086561
26077427
25345940
25329612
25198524
26644237
25274098
25880094
25235844
25784459
25625380
25515283
25201322
26079294
25729411
26004652
25661767
25404254
26387190
25625380
25938408
25187793
26257034
26072762
25618849
25946338
26653101
25630978
25545140
26397919
26105418
25460235
25585259
26118481
25405187
26946535
25958468
26074629
25693024
26008384
25976661
25699088
25381862
26461831
26019580
25437376
25304420
26293888
26268230
25919747
25551205
26279893
26017715
25650105
25861900
26344271
26045705
26042439
28858758
26090956
26055968
26504750
26048970
26387190
26445504
25988324
26396986
26429642
26376461
26408183
25722880
26475361
26363864
25969197
26313948
26051303
26459965
25740141
26794453
26295755
26801917
26043839
26454833
26209450
26769262
26050370
26641904
26420312
26933939
25915549
27596383
26512214
27249766
26718879
26758532
26900817
26735206
26937205
27279157
26685289
26647036
26701618
26472095
26776259
27536670
26685756
26516413
26375527
27370126
26837838
26598052
26768328
27529206
26855566
26970327
26964263
27103749
27058031
27382722
27101882
27417710
27382722
26664296
26334474
26890088
27511012
26984789
26907348
27155065
27154132
26804716
27436370
29575318
27323475
26797252
27284288
27629972
27007648
27098617
27101882
27771324
27068295
27364995
27537136
27815176
26961463
27599182
27001117
28245764
27359862
27298283
27076692
28304078
27456897
27144336
26497753
27211513
27948599
27098617
26915745
27565127
26916678
27007648
27165328
28027905
27348667
27029108
27181656
28079221
27130806
26897552
27072493
27712544
27440103
27364061
27890284
27310879
26983856
27729339
28047032
27129407
26859298
27714410
27822174
27381322
26968461
28309676
28052630
27992450
27792317
27824973
28373122
28627370
28000847
27950464
28135668
28148264
28076421
28005512
28320873
50389582
28253229
28573721
31563115
28253695
27708812
28402045
28484617
27927605
28156661
27982653
27900547
28033036
28215908
28736066
28290084
28730934
29069621
27998048
28768255
27943933
28785516
28180920
28733267
28344665
28656760
28797646
28627836
28516807
29174119
28514008
28549930
30519067
28550863
28446364
28946463
29129801
28659093
30735994
28464558
28436567
29021104
28171589
28602178
28561125
28422106
28057295
28380120
28534068
28410910
29076152
29129801
28670289
29185316
28497680
29858955
29246428
28700612
28703877
29788046
29126535
28378720
28911474
28737000
28645564
29059358
28975853
28552262
28770588
29048161
29290281
29292612
33325589
28737466
28701079
28983316
28766390
30512536
28803244
28652562
28894680
29022037
29076152
30897872
29783847
28698746
29078951
29147528
29099478
29583714
28750995
28645097
29511872
29258557
28817706
33602696
29370520
29724601
29830499
29294012
28793914
29296811
29427434
29188581
29360723
29530533
29530066
28964190
29410640
29071487
29420903
29910738
28969321
29116272
29912138
29976516
29144262
29680748
28615241
29100877
29843095
29195112
29014106
29684947
29376118
29425102
30034363
29273953
29553858
29909805
29307541
29131200
30326865
29076619
29029968
29997042
29893478
29149861
29907006
30025500
29498810
29595377
29715737
30324998
30152390
29582781
30128132
30165453
30017569
29821168
29660689
29776850
29751658
29975583
29969985
29587447
29426501
31267349
29703608
29877149
29794111
30117868
29795044
29901408
29740462
29870618
31260351
30404772
30071684
30230764
29921468
30465885
34169038
29702674
29938728
31040158
30202307
29948059
30243360
30658553
30247092
30366985
30731329
29384048
30048825
30255023
30325932
30465418
29847759
30654355
29832831
29972784
30072617
30596041
30670682
30194376
30112271
30112737
30931461
30184113
31935391
30713601
29787580
31340124
31848153
30357654
30332462
31570113
30416901
30854487
30858219
30243826
30406171
31043424
30878279
30083347
31170781
30935660
31295339
30436028
30402439
30805504
30786843
30634295
30789642
31352253
30728063
31110135
31001904
30352056
30129531
30819966
31108269
30429497
30220501
31640556
32898266
30628697
31233759
30806904
30711269
31183377
31518331
31153987
31042024
30896939
31060218
31279011
30655754
31823894
30914667
30690276
30446758
32120129
30678146
30793374
31502003
30932861
31180578
30997239
31518797
31444622
31216033
32475609
31245423
30882011
31291606
31863082
32258681
31780042
32068345
31723595
31318198
31410100
31328928
31056019
32725192
31552853
31394239
31524395
31549587
31548653
31311667
31604168
31112933
31903201
32715861
31823428
32059015
30966450
31914863
32009099
31098472
31603702
31640556
31312599
31656418
32018429
31643355
32448084
31726393
31821562
31950318
32093071
32132257
31743654
31907400
32379974
31810366
54075942
32050151
31959649
31256619
32307199
31732459
31608367
32160248
32353383
32045020
31674611
32179375
31680209
31525328
32183107
31945187
31966180
31649419
32885670
31874744
32737321
32388838
32200835
32321194
32073943
32578708
32169112
32039422
32379974
32525525
32680407
32517127
31419431
32542786
32311864
32617894
32324460
32498934
32450417
31966646
32599234
32703732
32017496
31909732
32334256
32480740
32268945
32386505
32923925
32447618
32425692
33359178
32731256
32774175
32910395
32782105
32740119
33252814
33358711
32646817
33290601
32864678
33031221
32011431
32487738
32806364
32024960
32447151
33049416
32903398
32132258
32781172
32567044
33069942
33321390
32488205
33039152
32623959
33665675
32221827
32579640
37811547
33839217
32945851
33430088
32867010
32767178
34256742
32935587
33412360
34003428
32762512
32406098
33227155
33932518
33459011
32371577
34493263
32909463
32978506
34883732
33649814
32998099
33208496
32903864
33659143
32822225
34337449
33000432
32659880
34070138
34995694
33210361
33321857
33519658
35159906
33731919
33553713
33403496
33626021
34236216
33675005
34114924
34079469
33340518
33667541
33821023
33229022
34149446
34153644
32886137
33759910
33633486
33863008
33741250
33577505
33818690
33924588
33269608
33835484
35244810
33445949
34792296
34216156
33624622
34035150
34226886
34470404
33915258
79454072
34035151
34504460
34071072
34386899
33634885
34528252
34785765
33971705
33505195
33667541
34242747
33852745
33727721
36082661
33764575
33601763
34920586
34901926
34798827
34353310
34420955
34352377
34397629
33900330
34553909
35725781
33986633
33666141
35330182
33962841
33533652
34674735
35250408
34678934
34021155
35186030
35011555
33828953
34793696
34500261
34401827
34740047
34314590
34502594
35189296
34859940
34441947
34565572
34614090
34543180
34760573
34340248
34770370
34914055
35429548
34435416
34557175
35952972
33947913
34830083
34942512
34019289
34584232
35021819
34326719
35424883
35253207
34425153
34844545
35085730
34723252
34480201
36050939
34447545
35446809
34987763
34759640
35063805
35062872
34866004
34829150
34866471
34481134
35305456
34832416
35133781
35234547
34791362
36448406
34862739
34584699
35939910
34939246
34765705
35329715
34687331
36328512
37049737
35623616
35994492
35296126
35810686
35604023
35164104
35523317
35199559
35381031
35755639
34966304
36785692
34949509
35246677
35600757
35344177
34928983
36017351
34989163
34978899
36072865
35315253
35483663
36093858
35263471
35920316
35881596
35051675
36079862
36038343
35309189
35782229
36750704
35481330
35898857
35996824
35586296
35943642
37616080
35469201
36234277
36063068
35293793
35597492
36201622
35763102
36037877
36155904
35781296
36234277
36090592
35937577
35799024
36281861
35542910
36639208
35956237
35522850
36034611
36223548
39184018
36099923
36538909
36775896
35928247
36734376
36412484
36105987
36442341
35812552
36140509
36608885
35683330
36265068
36560834
36741840
36041609
36243607
36858001
35971632
37817612
36514183
36450738
36387292
36506252
35849407
38007481
36925178
36659267
36549638
36361168
35865734
37057201
36121382
36575296
37229810
37006351
37345038
36985358
36224014
36606086
36437676
37087058
36661600
37680457
36945238
36671863
36671864
36942906
36579494
37143505
37412681
37463530
36859401
37793820
36689591
36714316
37652000
37100120
37334307
36838874
37190622
36808085
36723180
38047135
36747438
36175964
37974825
36706385
36469865
37894586
42710832
37524177
37435074
37275061
37109917
37215348
36918647
37299786
37668795
40378750
38774889
37326377
37621210
38238870
37626342
37980424
37572228
37993020
37966428
38408679
39305311
37208350
37620745
37789621
37815746
38511312
37798951
37331508
37944502
37137441
38320976
37106184
37450469
37954299
37117846
39631401
38139036
37265264
37768627
39034269
38102183
37636139
37479858
38514577
37738771
37924442
37958031
38251466
37588089
37909047
37899251
37582958
38363894
38116178
37024079
37990220
37893652
37825076
38026608
38183822
37927708
37881523
38439936
38729638
37798951
37966895
38364827
39058528
38000017
37698651
39104245
38543500
38207614
37594153
38638668
37370229
38100317
41515635
38296717
38424541
38405880
38581288
38772090
38470725
38800081
38379289
38541168
38774890
38302315
39094915
39562824
38814542
38919974
38843000
38724506
39070190
38654996
37884789
38884519
37986022
38466060
39483051
37903449
38870058
38857929
38525773
39042666
37931907
38827605
38614877
39488649
38241669
38712843
39248863
39600145
39061327
38841600
39272189
38592484
38793084
39356160
38986685
38664326
38878455
38954029
38525307
39000680
39168624
38824339
38935835
39696712
38624673
39121506
38847665
40116572
39167224
38815943
38775356
39840864
39226004
39675720
39525037
39005811
38942833
39402345
39818472
38563560
39647263
40882114
39697179
39525037
39560958
39778819
39339367
39269390
39480719
39407477
39334235
39295048
40234598
39105645
38836935
40007875
39429402
38918574
40379217
39318840
39529702
38810811
39558626
39859524
39057594
40066188
39534368
39373421
39926702
40630198
39648195
39763424
39754560
39801211
39662658
39581484
39888448
39375288
39370623
40862054
39602012
40428666
39842730
40553691
39597812
40648392
39723771
40558822
39810074
39992014
40569552
39627203
40467386
40922234
40497710
39853927
40414204
39979418
40711371
39799811
39781151
41184412
40184216
40477650
40337697
40848525
40608273
40774817
39958425
40196345
40207541
39621138
40912904
47306419
46223184
41051457
40435197
40929232
40528966
40456657
40570019
40242062
41218001
40417937
40232266
40772018
40955355
40502841
40143629
40998275
41788076
40396011
40642794
40637197
40686646
40312039
41093909
40541561
41217535
40854590
40648392
45549078
46938810
45588264
42262049
40696910
41123300
40858789
41617800
41124232
40639995
41993340
41008538
41604271
41220800
41257187
40907772
41611269
40696910
41141493
40930164
40741228
41242259
40667986
40955822
41322499
41276781
41328564
40843860
42055386
40772951
40906373
41493242
41382213
41594941
41396208
41480646
42486907
41536161
40985679
43178275
42558750
42361883
41385478
41251123
42669312
41547824
42927293
64417997
41737692
40832664
41852455
41878578
41971414
40728166
45500094
42269981
42241523
41714834
42221930
42061917
42625927
41846389
41757286
45371804
41800205
41963016
42116965
42306834
41868782
42884841
42056319
42546621
41715300
41860851
42018066
42492039
41747023
42545688
41831462
42838189
41824464
42767747
42931958
42295172
42228928
42267648
42996336
42252253
41879511
43168012
42307768
43191337
43083573
42516764
42543355
42337158
42069848
44515292
41864117
41827729
42486907
41782944
43230991
42384742
43088705
42170614
43243586
42254585
43160547
43144687
65493302
41737226
43170811
42626861
42609599
43097102
42192073
45053178
42394538
43523492
42729026
42894637
42039524
42369347
43377475
41891174
42977210
44389800
43116229
43876173
42949218
42354885
42956683
42555484
44888500
42193006
43518827
43116229
42694038
43413396
42293306
42802268
43460047
42601669
43168012
42178078
43263646
42684241
43470776
43357414
43374675
42602135
46369668
43526757
43569676
43232390
43529090
43575275
44584801
44002131
43466112
43176875
44099632
43785204
43655981
43616794
43909296
43175009
43559880
43878506
43693302
42781741
43001935
43469377
45579867
43520693
43665311
44358078
43017795
43339687
43743684
43610263
44511560
43252450
45844844
43208131
44142551
43498767
43826257
43709163
43254316
43430190
47110952
43289304
44727087
44060911
43330824
44875904
43791268
44133220
43389603
45425453
44057646
43886436
43358815
43430656
44621190
43791735
43880372
45042914
44054380
44153280
44602063
42778476
45370404
43975073
46072968
43841185
45076969
44685568
43857979
45274769
44136019
44683236
44536285
44999995
44298365
45035917
44854910
44636118
44051581
44631919
44282503
44936549
44737817
44701896
44676238
44246115
45283167
44186402
45325619
67840778
44920222
44800329
44871705
44487768
45104493
44472840
44664109
45698360
44328688
43588803
44882901
44234453
45316289
44861909
44542349
44949612
45102627
45256576
44611392
45077436
44619790
48596785
45300427
45545812
44951478
68093160
45293430
45315823
44512959
45143214
44775604
44917423
45307892
44845581
45031251
44741549
45844378
44980869
45976867
45456709
46293627
45452044
46184463
46890293
46065503
45318155
46494226
45555142
45524353
45780466
45202927
44693031
46168136
44892698
46009522
45473503
45720286
45788863
44784468
45366206
45492163
45446911
46915018
46643509
47384793
45875634
46022118
46905687
45886364
45787464
45820586
45752942
46042645
45831783
46025850
44977603
46260971
45117556
47085294
45483766
46152274
46323950
45935347
45788397
45692295
46768068
46386929
46154141
46922482
46235313
46628581
45550943
46743342
45777200
46822182
46629048
46171868
46306689
46093028
46616918
46177466
45375535
45994594
46021651
45771136
46490494
46416318
50353195
46525015
47127746
46535745
47589125
46344943
46757338
46047310
46524549
46822649
46060838
47312484
46156006
47161335
45632116
46762935
46358938
46746608
46278232
45843444
47520081
46900090
46902888
46733079
47414183
47195857
46216186
46474633
46795591
46330948
48076160
46394859
46980796
47316216
46622050
46905221
46753606
47352137
45605525
46601057
47054504
47420248
47747271
47055437
48106950
47025581
46853438
46557672
47711816
46845041
47570464
46849706
47995921
47759400
46703222
47496756
46674299
47114217
46908953
48477359
47326946
47264900
48035574
48050036
48283291
47843372
47171132
48395253
47222915
47033045
47467832
48420911
48229175
47548538
47444507
47814449
47634376
47260702
47840107
47272831
47250439
47400188
47695955
47008319
50103146
48005251
48951333
47759867
47666098
48158267
47445906
47909616
48045838
47206120
48080359
46927147
48386390
47453837
48561797
47577462
48998450
47480894
48019713
47931542
48199786
49142135
48691487
48090622
48515613
48428375
48172728
71657761
47875094
48293087
47863432
48448902
47898420
48160132
49111345
47465966
48881356
47548538
48976057
48278160
47777594
49532138
48595386
48766128
48163865
48886488
48711547
49023642
47894221
48657898
47669831
48445169
48995651
48192321
48675625
49339935
48907947
49014778
48643903
48874825
48165264
51636096
48813712
49363727
48278625
49115544
48531008
49838168
47992189
49419242
48555266
48154534
49359063
48159199
50075155
47905418
49303548
48457765
48903749
48501151
49063761
49823706
48369129
49420642
48586056
49671624
48803449
49640368
48696152
50189449
48824443
48428376
51132732
48755399
50026638
49324074
50097547
48540804
48971859
49124408
49848898
50641031
49690751
49545666
51688811
50032236
49187853
49500881
49349265
49712210
49464027
49942199
48988653
50233301
49195784
48644836
49744399
49116477
49868491
49091752
50397513
50480551
49976722
49814376
49548465
50105944
49470558
50172655
49733203
50533268
49723406
49738335
49972523
49908144
50144664
49683753
49901613
49422507
50126471
50448829
50227704
50593447
49929138
50192715
50230036
49673023
50233301
49715476
50669022
49833036
50470288
50714739
49551731
51226967
51024969
50648029
50351795
50652694
49665093
50808508
49809710
51220902
50701678
51524600
51415438
50563590
50638232
51063222
50281818
50201112
51141130
50177787
50660625
50873353
51106607
50814573
50727336
51307673
51540929
50662024
51553524
51273151
51363655
50493614
51250759
50331269
51279682
51889411
51045961
50998844
51176118
51565187
51116871
52042427
50555659
51362255
50613974
51205041
50732000
51835296
51470952
51856755
51461155
51566119
51618836
51240963
50726402
51523201
51522268
50829035
51353392
52764584
52064353
50821570
52262619
51385114
51957055
52210837
51184982
52090011
52030763
51337530
51906206
51609039
51868885
52090010
52357786
51662688
51569852
52326998
51380916
52080213
50703544
52415634
51409372
52417967
51891744
52028431
52152056
52072283
52055489
51979448
51770918
52845756
52507536
52219233
52051757
51816635
51967785
52297607
52148324
51367386
52188910
51963586
51790511
52343325
52259353
52759452
52333528
51877748
52651221
51886612
52374115
52159053
52403505
52254688
54052150
51731731
52865350
51820834
52580778
52784643
52551855
52497273
52895673
52197774
52727729
51968718
52503338
51728932
51913204
52475348
52429630
53764314
52152056
52822897
52255621
53007635
52934860
53043556
52756653
52835026
53549253
53281942
51998108
53120997
52598506
53002037
52292009
53276345
52194508
52655420
52937192
53097204
51701408
53503535
52781844
52933926
52886809
53286142
52986642
52794440
52509869
55873404
54443552
53539456
55391500
54261146
53046356
54288205
52975446
54136122
52812168
53603368
53099537
53731658
53284275
53420496
52889608
53847353
52437560
53782974
53331860
53281010
54130524
54330656
53364982
53474144
53899135
53519396
53789039
53104669
53431692
54384305
53995236
53880474
53944387
52521532
54252750
53462015
53534325
53145255
53969111
53464814
54133789
53681741
54298934
53930858
53978908
54325058
54311996
53775976
53880008
53753118
56270404
54311063
53660282
53896336
53793237
54890002
54654414
54366112
53986373
53994769
53746587
53499336
54772441
54212629
54578373
53761515
54303132
53678009
53508200
54128658
55084536
54168311
54137521
54922191
54835420
54461746
54969308
54457080
55004297
53745653
54742585
54401566
54766377
54314329
55129322
54072210
54235955
54053550
54541053
54778039
55607494
54693602
54239221
54870875
56026886
55316858
55365375
54764044
55044416
55653212
54829822
55574371
54784104
55928453
54501399
56698660
55125122
55101797
55014093
56958039
54681472
55713858
55607960
55151713
55802961
55500663
54509796
55628487
54818160
55720855
55034153
54923123
55091534
54963710
54583505
55775437
54651615
57513186
55547781
55372373
55963441
54883470
55307528
55356978
55466141
55395231
55212360
55528187
55316391
55497397
56604891
54760312
55485734
55688199
56806890
56366505
56504125
56682799
56103394
55786633
57180564
55008962
56201361
55553379
55505794
55243616
55769372
55670939
56661339
56023154
56234016
55071474
56446745
55682602
56065606
55547780
56178501
55980701
56567571
55778236
56076803
56475202
55933117
56597427
56449077
55969039
56197628
56241014
56760239
57137646
56813888
57149308
56603958
57289728
55947579
57302324
56194829
56278801
56257342
56713589
55830485
56733648
56004493
56259208
57510387
55106929
56075403
56735981
57388628
57177299
59765495
56907656
57010288
57288794
56850742
56695394
57470267
56548444
56895061
56702859
57460004
56150045
56961771
57357838
57074200
57958236
56712655
58039409
57236546
57613952
57158639
57398425
57112454
57367635
56401959
57633545
56581566
57500123
56882931
57993225
56217688
57549107
60050066
57439944
57270601
57671800
57486594
57396559
57360170
57536045
57853271
56480333
58472330
57048543
57542576
56996293
56845144
58333310
57028949
58873528
59160898
57763235
58017483
57429681
57886394
57734312
57377431
57855138
56967369
57758570
56878266
58335176
57803821
57325183
58303453
57396559
58779760
58249804
58100522
58217149
58772762
58006753
57999289
57742242
57655938
57330780
57981095
58402353
57553772
58491456
57307455
58094923
57958703
58208751
59581690
58380894
58791423
57972698
58424746
57859336
58787224
58169098
58392556
58508251
58244207
58506851
58045474
57946107
58686458
58609017
58590824
60161562
58140641
58889856
58458801
58166300
59218279
59077393
59256999
59346102
58696722
59141305
58853002
58419614
59653533
58609017
60681720
58672463
58911782
59194021
59440337
59108182
59036807
59098386
58529244
59706248
59517778
59246270
59215014
59444536
58436408
59332574
58690657
58761566
59089056
59605482
59342837
58603885
59449668
59305983
59362897
58810083
59681989
59230408
58943504
59336773
59522910
59463663
59033075
59174427
58900586
60685919
59443604
59382957
59216879
59236473
59434273
61263924
60318309
60087386
59688054
60626672
60036537
59281258
59773892
59922242
59464596
60631337
60429338
61223804
60453130
59943702
60224540
60779687
59737504
59874191
59779957
59528507
60753096
59795351
60072459
60272125
60089719
59740770
61311975
60015078
61697778
60324840
60626672
61091315
59693652
61016674
59231342
60032338
60411611
59987553
60607078
59735171
60419542
60017877
62898574
61043265
60500715
61014808
60700846
60700380
60287519
60530105
60025807
60560894
60233404
60649065
60862259
60432603
60468059
60554363
60675189
60576289
61239199
60455929
61167823
60646265
60297316
61521904
66297565
61488782
60980287
61047930
61461725
61809274
60835669
60597282
61408076
60634136
61737898
60651397
60969556
60937367
60467592
61605876
60972356
61450995
60731637
60717641
60929437
60496049
60622940
61181352
60934102
62099910
60482520
61735566
60723706
60901913
61180886
61069390
61656726
61190216
61723437
60927570
62035065
61492981
61265790
61242932
61421138
62689112
61616139
61283984
61802276
62003808
61772420
61778951
61311042
62274384
60959760
61676319
61255060
61799011
61861523
61974418
61729501
64635390
62296310
61264391
62396144
61717838
62933562
61477119
62460055
61707108
62416670
62064922
62383548
62303308
61785948
63243325
62111106
62443261
60996147
62986278
61988880
62605607
63102439
62770284
62320103
61945029
62253391
62728764
62759087
63525563
62745092
62574816
63423864
63927229
62642460
63000740
62533763
62159156
62743693
62526300
62308439
63114568
62306573
62929830
62115771
62890177
62913502
62121369
64093772
63037127
64800068
63644057
62037864
62366287
62765619
63007271
62293511
63753686
63674380
61850794
63874512
62502974
62176418
63116435
62593010
63543757
62857521
64223462
62154492
63503637
63607203
62954089
64180543
62683979
64002803
69215583
67191864
69725478
64868179
63506903
65578206
63304438
66961874
64031260
64236524
64193138
63912300
64022396
63264318
63241925
63157021
64209933
63288576
63096841
63416400
63981344
64163282
63991606
64436657
63573147
63804536
64113832
64117564
63378613
64985739
64190806
63972946
63341292
63601138
64393738
63278313
69716147
63663651
64130626
64957748
64085842
63695839
63654320
64008401
64261716
64596670
64474444
64047122
64149753
64317697
64373212
64958215
64286907
64804733
65125692
63847921
63827861
64232792
64483774
64366680
64253785
64649386
63987874
64188940
64085842
63951021
64650785
65024926
64606933
64313032
64732424
64489839
65154149
65011397
64332625
64571478
65237188
64167014
66152946
65260513
64034525
65702764
65377607
66196798
64985273
66151547
64518296
64823394
64713297
64420329
64393738
65426590
64613464
65627190
64912497
65051516
66145482
64547219
65453648
64873777
64858382
66641849
66096965
65525957
66430053
65769008
66182802
65998998
65402332
65683637
65900098
65333288
65164879
76455347
72962123
66230386
65800731
65991067
65422859
65413995
64959148
66179071
66342816
64660582
65922490
65498899
66055912
66662375
65400933
66255579
66230853
66356344
67025319
65845516
65827322
65567010
66714624
67018788
65647249
66875103
66014393
65180273
67829116
67148478
66895629
65846916
66845247
66081570
66117025
65838053
66217791
65736353
66357744
65655647
66414658
66124956
65461579
68174333
66068508
66351679
66430053
66070841
67811855
67622918
66748679
66414192
66474838
66805127
67283765
66513558
67571136
66052647
67011324
67683098
93429304
66411859
66544348
66217791
66945080
66846647
67225452
65970074
67053776
66192133
66739349
66057778
69589723
66990331
67795061
67142414
66976336
68378664
67301027
66800462
67211457
67261373
66609660
66834051
67199327
67165272
67740945
67761472
67438647
70518078
67421386
68486428
68122551
67818386
67862238
66559276
67065906
67935014
66738882
68100158
67148478
67376135
67579999
67346278
68283496
67718552
67316421
68192993
67574868
68092227
67457307
67604725
68527480
66929685
67427917
69546338
68524215
69001455
68629646
67774068
68771932
67700825
67575800
69322879
67242713
68985593
67099961
68137945
67977466
68641309
68393126
69070964
68084763
68432779
68516751
68316152
68957136
67897692
68331546
68325949
68299824
67602392
67879966
68481296
68402456
68722482
68069834
69923744
70199451
68284896
68515818
67835647
68303090
68337611
68527014
68310553
68764001
68319884
68711752
70024044
68782195
68711286
68330147
68833045
68576464
68331080
69097089
68726681
69084493
69182927
68694957
68184596
69140008
68753271
69077496
69138142
68633845
69081694
69550070
69077029
69514615
69371397
69161468
68779862
69205786
69658300
70014247
69536075
69092424
71764591
68814851
70312814
70032908
69475895
69683025
68015720
69711015
69578994
69001455
70054833
69919079
69683491
69617714
70240971
69668097
69220247
69764665
69648037
69396122
69153070
69081228
70301151
69198322
69186192
69957799
69420380
69790323
71441300
69818780
71151598
71144134
70150001
70372993
69251037
70026842
70879623
70251700
72049163
70689754
70552599
70637038
70784454
69468431
70924874
70376259
70101951
69665298
70302550
70085623
70481224
70108015
69948936
70447169
69836973
72048696
75489205
71685752
71259829
71243034
70857231
70916944
71307879
70170061
70343603
70346869
70027309
70888020
71291085
69723145
71555596
71009313
71472090
71612510
71769723
70701416
71447365
71785585
71707211
70882422
71570057
70773725
71904078
70776524
72213374
71830836
70920209
70985054
71321874
69538874
73691744
71334937
72265624
71628837
71563526
71631170
93781985
70807781
71477688
70676225
71013977
71596648
71338668
71586385
72260491
71230904
72731200
71909210
70862828
72174654
70493353
71746398
71098416
71486085
70955664
71542999
72145731
71937667
73401108
71000915
71833636
72251628
70974324
72242765
72139199
75585307
72671953
72116340
71965191
73087147
71220642
71328872
72265623
75465413
72727001
72154127
72782050
72302944
72785782
72760590
72293148
74242691
72025371
74913533
71441300
71449697
71593849
72902876
71923672
72657492
71212710
72502610
71207579
74203971
73123068
71959126
73205640
74078013
71801446
71552796
72275887
72151328
71851362
72519871
72372454
72764322
73495809
72695278
72242765
72295480
73193977
72698544
73102075
73846158
73575116
73280748
73181382
72615039
72700410
72954192
73823765
73998707
74898604
72835698
73221035
73722067
72702743
73059623
76043419
72495612
73411837
73632496
72964455
73854089
74035561
73048893
73837294
72858091
72136866
73275617
72950460
73673083
73356323
73322734
73390378
72481150
75505999
74536126
74060286
73803239
73947391
74032295
74156387
73122601
73514003
74496006
73869017
72584716
73713203
74079880
73411838
75314264
73933862
74812766
74076614
74654620
74469415
73099277
76850481
73207040
73692210
74440491
74274881
73639495
77226021
73828431
74907468
75535390
73781780
74453088
74403637
74397106
73007840
74529595
74308003
73868084
74137260
75335258
75117863
96092608
74789441
75440688
75112732
74524463
74537992
74175980
74973245
74745123
75919327
73311538
76829488
75381908
73680080
74409236
74764250
74392908
73899340
75178043
74559452
73795775
74442358
74948521
76195034
75117397
75854483
74679811
75937522
74712467
75738788
75383774
74836558
75790105
74778711
74840757
74892073
74570181
75350186
75114598
75471012
75466346
75740188
74648088
74931260
75302601
75403367
75035291
75788705
75509265
74770314
74551521
77024489
75922593
78789761
92631106
100398959
90621848
83066257
78488863
85975411
105064989
80570896
77491932
79078998
82512509
80582559
78549976
76174975
99837748
76401232
76270609
76457680
78158107
77360843
76738519
78686663
76327990
76741784
76220226
76376041
77563308
75988370
77184035
76503398
77042683
77284801
77378570
76323325
77467207
76396100
76642884
75953849
77763907
75735522
77168174
76552382
77502662
77825952
77564708
77160709
78170703
77368306
77344982
76202966
76903197
76695600
77370639
77370173
77960774
77976635
78237881
78551375
77330053
78896592
78076935
77326787
78691795
78274735
82402880
77942580
76676472
78136182
78117988
77702794
78285931
78102593
79472266
78333982
78511256
78006958
77670605
78577500
78306458
77610425
79489526
77893130
78928316
78078801
79250207
78409090
77087934
78469270
78160907
78837813
78187031
79466667
78619019
78712321
78504724
78115188
79405555
78814020
79309454
77173305
77747112
77400029
80592355
80074529
78350776
77511525
77695330
77453212
78371769
77921587
78479999
78988961
79515651
77531119
79406488
77003029
78518720
77331919
78478134
77884266
78469270
77902460
78514054
80635275
79023016
78811688
78041014
77472339
78364305
84743359
79679396
78248610
78885397
78894260
78394628
79014620
77473738
78141780
79567434
78222952
79127048
77329586
78268670
78638612
78519653
78633948
78612021
78246278
79286128
78812621
79457337
78130583
79000158
79618283
79594024
77740115
78838745
78392296
79059405
77900594
79854337
80286791
80990288
79261870
80172963
78939978
81605615
78627417
79647673
79417684
78252342
79474132
79886993
79757303
79041677
79353306
79912184
78507057
78958171
80155236
80447271
78907322
79499790
79705987
81360697
79292193
81041604
80035809
79859935
80504652
79642075
79604755
80400620
79259070
79660735
80343706
85956284
80567630
82654328
80397354
80211684
79223149
80676327
80664198
79942974
79806753
80419280
79974230
80726244
81190888
80446804
80184626
79546441
80228011
80897919
79888392
79263269
80530776
80760299
79724647
79646274
80102987
80823278
80529843
80173896
79920115
80685190
79529646
79551572
80428611
81112980
79443808
81136305
80104386
81928905
80108585
80711315
80977692
81565961
79625281
80313383
80389890
80576027
80260200
81119978
80972095
80814414
83319105
81410147
81043470
81602349
80212150
81455399
81026676
81126509
80239208
81679323
81782888
81042537
80841471
81872924
81842601
82215343
81174093
81423210
81464263
82314709
80714580
80857332
80731842
82498514
80866663
81926573
80956700
81907446
80346505
81278592
81147969
82942165
80173429
81089188
81116246
81377491
80073130
82966890
82339435
81835137
80693588
81536105
81580889
82054397
81122777
82347365
81393353
82495249
81240338
84867450
81944767
83230467
105551093
81217945
80844737
83142297
81873391
83048995
82080521
83330767
82787750
82741099
82292783
83659190
82672989
83364356
81552899
82825537
82382820
82580620
81535171
82705645
81873391
83354560
82116442
83155360
82482652
82500846
82316575
82674388
83228602
83516905
81552899
82231204
82773755
83385349
82634735
82902978
82732702
83661523
81756297
84770883
82394016
83623735
82429004
83133434
81966227
84217136
82857727
83165156
82869389
82877786
86302435
83669920
82846997
82278321
83641930
83427801
82072124
84775082
83494979
83380217
82932368
84321634
84265653
84180282
82853528
83360157
83137166
84149959
83691379
84846924
84696708
83947960
84093511
82922571
82814341
83826201
82834401
82928636
83278518
84014670
83857923
83815937
84216669
84340761
84169085
83468388
82757427
84193811
82959426
84320234
84167686
83434799
83852792
83935364
84207339
83925567
83522969
84129899
84107040
84225067
85548088
85040992
85230395
84705572
84727031
84802606
84646792
87398733
85106770
85259785
84655655
85296639
86525426
83780016
84910370
84968684
85110968
85598938
82896914
84546491
84591743
85547156
83369488
84222734
84510104
84779280
85794406
88802460
85729561
87759811
85429595
85706701
84829664
84860919
84340294
84802606
84279648
86967211
84776481
85270049
85897504
85613866
84883312
85784142
85213601
84896374
84789544
85570014
84848323
86392004
84093978
85513566
86613130
86828657
87207930
85145490
84325833
86188140
85009736
85048457
84712570
86164814
85848987
85379212
85944621
85292441
87123025
86518895
86958348
86084108
85468315
86393870
85617599
87260179
86853383
87677239
86502567
87225657
85244857
85235994
86629458
86244587
89194795
97501934
96649154
86921026
85423530
86123295
85561617
86341621
85981010
86202135
86245987
86948084
87318959
86087374
88675103
86609864
86444253
87058181
85988007
86597735
86488106
87561544
86539422
86109299
86415796
86863646
87533553
86570211
85573746
86423727
85833592
87094101
87798531
87137953
85634859
87568076
86752616
88677436
86561814
88036918
86378009
88224921
86711564
87170143
88583667
87404797
88067241
86801133
85738425
90828045
86932690
88240316
87410395
85790207
87048850
87221925
87237320
87197667
86326226
87720157
87576473
88711024
88095698
87714559
87771473
87786402
87244318
87641317
86496036
88219323
86797402
89064172
88397530
89660371
86570211
87245717
87911893
88157744
87661844
87138420
87782670
89386530
87779871
88965272
87595600
88720821
88104095
88501095
88508093
88112026
86372877
88364407
87411328
87743017
89114088
88148880
87784070
87727155
88313092
88903226
87802730
88652245
93791316
90046641
88530485
90887292
88771204
88828118
88101762
90957269
89240047
88469839
88967605
88500628
87713160
88940081
89009591
88123222
88444647
89484498
89740611
89271302
89742478
88868704
88748346
89283432
88087767
92732805
88776336
88827185
89145345
90075099
87949214
89412188
88243115
89529749
88168940
88715689
88253845
89662704
89476100
88466574
89168670
88929817
88653177
88980201
88584600
89600659
88726419
89667836
88965273
89918818
89796126
89305358
88561274
90524348
88649445
89760672
89056241
90342876
88989530
90734277
89319819
90756203
89344544
89960337
89686963
89499426
88939615
89994392
89662704
90312552
89684164
89251242
90148807
90408653
89693027
89364605
89688362
89884296
93716207
91819379
90577996
90742674
89603457
89700958
90242109
91066899
89686030
90690425
90468833
90459036
89045512
90802854
96160719
91120547
92260230
90746873
90847639
90375531
89947742
91102353
90495424
89386531
90864433
94479417
90684827
90658702
90899421
90956335
91543671
91562332
92224309
91148538
90593391
91045906
90962400
91703217
91946270
90801455
91250237
91450836
90614851
92096952
91686890
91866029
92949265
91463898
90877496
91757799
91145272
91407917
92415578
92230374
92767326
92424442
92450100
93364925
93088285
92285422
92147335
93858959
91126146
91653301
92651166
91298287
92504215
92232240
92679156
93453096
91718613
92167861
91990121
92394118
92218244
91324878
91825909
92474358
90646573
94134200
92576057
92814444
92061497
92327408
91110751
92812578
91331876
91516613
92534071
92611046
91953267
92209847
92211714
92332539
91712082
92395052
92181857
91534808
92141737
92967925
94197645
92122144
93074290
93837499
96286209
93094816
93218441
92585388
91405118
91998052
92729072
93353729
92238304
93511876
91963530
92959528
92785053
92955330
92830771
92763128
92816776
93039768
93235236
93384519
92584454
94739263
92598916
92620842
92854564
92808379
92712279
92924074
94195313
93682152
95038762
93702212
93120941
92847100
93287951
94809239
93229638
93334602
93310344
95829030
94079618
94352526
93805311
92725341
93248765
93694281
93570656
93230571
93230105
95669016
95383513
94930065
101271799
100760504
93389650
94682349
94974851
94199511
93332736
105292180
98710661
97558848
94712672
97486539
93715741
94992578
98058480
96402371
105546427
105156892
94781715
96159785
94855890
95390511
94522802
94125802
94837697
94411306
94123470
96531594
94163590
93956927
94638964
95702139
95036430
97314863
93735334
94845161
94917936
94534932
93901412
96171448
95037829
96092608
95575715
94442096
95410571
95481480
93704078
95016836
95080749
95329397
96324930
96184043
96198972
94262023
94577384
95270151
95261287
95536995
96741523
95211371
95649423
94760723
94947793
94594178
95231897
95110138
95630297
95536995
95676948
97542053
96619764
96170515
96342657
95627031
97131525
95530464
95520667
96535325
94437431
96030095
94574585
97207566
95463753
96185910
95426432
95850956
95474016
95965717
94273220
95714268
95661086
98527788
98380838
96670147
119942451
96470947
96802169
96573113
97819626
96763915
96429428
97162315
96831559
96007703
97152985
97841087
95928397
97634889
96533926
97112398
97713263
98584703
97254217
97240688
97310665
96877277
97008366
96254953
96134594
96379044
97009766
97300402
97918527
95970849
96665948
96618830
97372244
95309804
96902469
96332393
96430361
97191238
97907797
96837623
97174444
97871409
96874945
96703269
96467682
98176040
98223158
98128923
97270079
97216896
98402297
97844352
96873079
97870476
98837084
97300868
97961912
97108199
98597299
97850416
98590767
97627425
97019096
96675278
97447352
98841283
98161112
96659883
101001223
96477945
98248350
97353583
97367579
97299002
97972175
97263081
98007631
98204497
98267010
96946787
99011559
97114264
97994568
99849878
98052415
98831020
98793700
97352184
97897534
98323457
99426286
98639285
98546915
112456369
98356579
98586569
99515390
99694063
98906594
98580038
99008294
98848281
118206569
119807630
120928653
120864741
115526470
108353417
108363213
106281181
107536091
111758471
109473040
110157410
109132954
104496314
105638797
111490228
105065922
104202880
106472450
106268118
101165901
102312583
100786163
99476670
103850664
101481262
104321373
100232882
101757902
100492261
100006158
100940111
101150039
101587159
100827681
101181763
100255274
124543637
105464788
102765096
125377289
101477996
100870134
103944899
102442271
112946205
105090181
104739832
102823876
101547973
100635946
99913789
100472668
103654264
100729715
101335711
101320782
101975762
100826282
100210956
100782897
99896994
101055805
101399623
102070930
103210613
102590622
101975295
110636515
102517846
104000414
100587895
107600003
103918775
115825503
101618882
103593617
100476866
104575621
102453002
124248803
102058800
104699712
102732441
109160945
102045739
103404215
102146038
107684909
101861468
118173913
102913914
104658660
104413742
113914213
104605944
106347891
104004146
106038595
103973357
122374367
105044463
103086988
103253065
110399995
108590404
104362892
103156032
103665927
102921844
129005336
108844184
108585738
107701236
110534350
105110707
104629736
103174226
103361762
104011611
116455291
103549766
102817812
102710982
101739708
102685323
108784938
105361223
106752355
106097375
104472989
105261857
116579849
106777080
103827806
108245653
107909766
104860659
103455531
106347891
102571961
105631799
110766205
119775908
103511512
106448190
110637448
110896361
104543898
104965623
103686920
109573806
108846983
115344998
104891914
106708037
110092098
106015269
103641202
105595877
103904780
108314230
105260457
116004643
102603218
105912638
104124506
111728614
103645400
112217517
103910378
110320688
103877256
128453455
105808606
108685571
103792817
109697898
103527840
107210934
104296181
110123354
104433802
111563003
103416344
111421651
104471122
107273913
104445464
108680440
104615740
106050258
106180880
106259255
106199541
123434277
105395745
107764682
104665657
110879100
104988015
109203397
106680513
107718030
105304309
127364621
104222940
108390738
105810939
115837166
104869522
108897833
106442126
112594923
105729766
120718724
105033733
108899700
104932501
116246761
104503778
112572531
105714837
110872103
104950694
126914439
104267258
108980872
105616404
119672808
105417671
107766547
106465919
108690704
105536630
122926248
105648127
108367879
106783145
114299083
105233400
112510951
105179751
106776614
105128901
104212210
104443599
107314032
107002405
105603808
105570220
105814670
105191413
105276318
106175749
104761292
106374482
106071718
128448790
105068721
105545961
105550159
105070121
105070121
105258125
104550429
104808409
105270721
105411606
105091580
105106043
105816537
128760885
106336228
106662786
106238262
105097179
105917303
112372398
112190925
107212334
106242460
109076507
109673639
128109171
115501279
114464227
114140004
107957350
108611863
106951088
113695886
106249924
110434983
107432527
120722456
107201137
115513408
108874974
111959537
113320346
108669710
108297902
107859383
113885755
108760213
123710451
108461647
113835839
106625931
122745708
108274577
118987506
105316438
125592351
108206466
119320128
108079575
127091246
111786462
114261762
109782802
115058561
107436724
120933318
109451580
123878394
136324407
111667968
108526959
118930592
113500418
118182776
158840499
108348752
111615720
108442053
126755359
107793605
113873626
109137620
124751700
112153605
121292531
112305687
118471080
115708409
114490352
115840431
108394936
116342396
109554212
127061857
107806667
111851307
114827172
120704728
109166543
111905888
114706813
114603714
116319071
110183534
120991165
109492634
127475184
109177273
120694932
113502285
109621390
120374439
116046162
118875544
111141745
124067797
108310964
124531508
108012864
122679464
114410113
114150733
112933142
110803059
125444933
119171311
129013733
110029586
115689748
115610442
121599960
109831319
113633374
114982519
116014905
132592796
123541107
111107690
113161733
120958976
113088957
115413575
117631828
112285160
120478937
115148598
125169226
111091362
130552749
115231637
114133472
111858771
115318407
113097354
112370065
113578792
117300606
122714919
112276764
126881317
114735270
116899875
114513678
115440633
112793190
110600127
126763290
109280371
116897542
112351405
126432068
112348139
120719190
112485760
111522417
124073395
111908221
116036831
113288157
130737020
110618322
126495514
111956738
115087485
118555985
114662027
112782927
110958407
129843187
110353811
124304784
114552864
116799576
111090896
118223830
111987528
114239370
119528190
113968328
117307605
121073737
112500221
113527010
116289213
119980238
115184519
125549899
116687146
119572043
112852903
117277282
122794692
117642558
113649701
120958976
123314850
120767241
116341462
117919199
116967985
115569389
123200089
113267630
124488122
114167061
119986770
113903949
125904446
127889444
119635488
113482224
119945251
115423372
122135980
113646902
124000620
116328401
114188520
112597256
112982126
115619306
113056768
113502285
119859879
113310082
114907412
116018171
130175809
115250763
124142905
123252804
116699742
124416280
118850352
113539139
112534744
114687220
119062148
112332278
113078693
112348606
114516943
113185991
112497422
112195125
112099956
116407708
113241506
113050237
111842443
113426710
113396853
112698955
113679092
115330069
112317350
112077564
112363067
112192325
114072826
111779930
112243641
111925482
114935402
112953669
113364664
113031109
112659302
111082032
111850840
112165268
111411854
116316271
113317080
114778188
112846838
112472697
111996857
112203988
113064232
112589792
113334341
113302618
113785923
137284018
112780127
113003585
113593721
112190926
112374730
114701214
112638308
113497153
113803650
113694953
114155865
112806718
111921749
114057431
113529808
113183192
113286757
112520748
113624510
113234508
112213784
114072826
118062417
114378857
116046629
112960667
113567130
113555000
115128537
113668828
114339669
114451165
115142999
114509479
113705683
113253635
113810180
112680761
114170326
117991974
116719335
114737602
114182456
114151666
113087091
113541005
114618176
115484950
115847429
115590382
113544737
112912150
114004249
114386787
115324471
115174256
117608969
114463761
116125935
115448563
113298419
114321009
113981389
114057898
115745263
116237431
115049697
114110613
114943333
115878219
114955929
114167061
114623307
115224639
115018907
114602315
114966659
114371392
115405178
115459759
114805246
115235368
115609509
114211845
116507540
115880084
114927939
114945199
114409646
115772787
114802913
118560649
117299674
115393048
118872745
115893613
116271486
115297881
116152993
116854623
117438694
116833631
116999708
115177521
114599515
114782853
115819438
114827638
116116138
115754127
115421505
116222503
115041767
114794517
116069955
116832231
114677422
115728003
115370190
116759456
115609975
116593845
139018968
117203106
117175582
116144596
115375321
116546260
116832697
115201313
116147861
118034426
117219901
117580979
116543928
120062345
116774383
117343059
116740329
115449496
115682751
116787913
117626697
117372916
116808439
116041497
118303136
116296678
117453156
115997645
118576044
117742858
117460153
118659083
118685674
117483945
117857153
116969385
116808439
119596767
117456887
116698809
118346521
117143859
116386248
116687146
116281283
117188644
117592176
119425092
118723928
117270750
118124930
116527133
117167185
118063816
116512672
118530326
117993373
118602169
117054289
117056622
117875813
118113733
123134311
118814897
118266748
119032758
118577443
116863954
118291474
117093943
118289607
118059151
118354918
117656553
117795107
117420500
118639490
118923128
117299674
118855017
118131927
118549919
118007369
118999169
119350450
117393909
117275415
119281874
119009898
118215432
119562246
119374709
118677277
117898672
118226628
118948785
120423423
118430960
120295600
142319990
119188105
119016429
118833558
118325528
119769376
120739250
119547785
118618497
119159648
118296138
119189971
118465015
122900123
120012895
119053283
117990575
119916327
118835891
120071208
120810626
119563179
118247155
120263876
120394499
118579776
118797637
118900735
118871345
118401570
120692133
119091071
118491606
119392903
118452419
122569834
119872941
120664608
121338714
119349051
118379644
119109265
118910998
120205563
120919790
119719460
119615894
120495265
119864078
119975574
118700136
118227095
119748383
119077542
119507665
123462734
120718257
119968576
121810356
120596965
122058539
122096326
120777971
123727245
119345319
121873802
119430691
120252214
119810429
119554782
120032022
122399558
121198762
121829483
121182900
121184767
121166106
119972308
119228691
121759507
123079262
121237949
122324916
121444613
121713789
122201758
120364643
120164043
123565833
121491264
120190634
120874538
120480337
120435086
120850280
120495732
129196605
142686667
123683393
120614225
120297932
122490061
120535385
120170575
123023749
122177033
122471868
121113390
120932852
121291131
124492787
122176566
122720517
122272201
120979036
122143911
122261004
123646538
122442477
122102392
122733579
122474199
122482130
121771169
122170501
122334713
123023748
150079913
123585426
145464265
122284330
121873801
121198762
121852342
121862605
123303654
122297392
122030082
121292997
121047146
122227416
121655476
121325187
123726312
122557238
122091196
124184425
122904789
122413087
121326586
122687861
123318116
124195154
121026153
124184424
122096327
122315120
122854871
122613686
121912056
124488123
123981026
123821480
123204288
121217422
123214084
125542434
123621813
126363025
124482524
146344570
122119186
123898454
122447142
122525516
122853938
124966761
122354307
123711850
125421608
124824942
121567305
123236010
124315047
128035463
125022276
123834076
124403684
122911319
122440611
123010219
123869064
124813280
125518176
125022743
124712513
124408349
124403684
124045871
122895925
125475257
124513314
124309916
124749834
123412817
125563427
123953503
124989154
125224275
125512111
123207086
124574427
124252535
123468332
125349766
123745438
125178091
123849471
125316644
123486526
123784159
125344634
125701980
123998753
126965756
124055201
124331375
124907980
126176887
126521638
124224545
125234071
127525567
125071259
126547296
123917114
124499785
124984489
125490185
124189090
126481985
126885050
124780158
123763166
125965092
124157367
125500448
125627339
126036934
124792753
124333241
124691987
123612017
126146098
126007077
125005482
126531902
126517440
124855266
125699648
123930643
126842597
125614743
125696383
125257397
125892783
125343234
125815809
124996152
125411812
124505850
125761228
127993010
129296905
127244262
127562888
126902776
126566889
125703846
130481840
125538702
126210943
126653660
126964356
126215608
126217007
126203479
129156485
127764887
127362756
127911371
125791550
126459593
126293981
125927305
127317504
126948028
128649855
125843799
126030870
125691717
127777949
125721574
128327497
127196211
127199477
125786418
125804612
126983483
128228597
127220003
127184082
126998412
126697979
126659725
125851264
127639396
126233801
127442995
128125499
126901377
129015599
129014199
126629868
127007742
127027334
127513438
127236798
127948225
128947955
127723368
127006341
127460723
127094979
130056382
126105511
132680499
129376678
128097042
128153956
128007472
127329166
126893913
128087711
128074182
127429466
127781215
127860521
128375081
127353425
130079242
127970617
128659652
127316571
129317431
128569616
128414268
129174679
130764078
131383136
152737153
128318167
128868182
127279716
128347557
131203530
128975479
129644454
129920162
128738959
129096772
127816202
128876112
133446975
130214996
131431653
129224129
129480242
129172346
129136426
130150617
129385542
129028661
129705567
128783744
129067848
130063380
129832458
131099498
128686709
128448790
128181480
130505631
128754354
129006269
129071580
130049851
129401402
129977542
128701172
129091173
130696434
129648652
130819126
131090168
130343753
128907835
131042118
129639323
129907099
129405135
130431456
129970544
131337418
128730561
133209989
131757277
154452042
130775274
129093973
130390403
129884241
129554885
129092573
130676841
129064116
130680573
130653515
132539614
129826860
131431654
130697367
129393472
131927553
130623191
129737757
131092967
131438184
130578874
131561810
131015060
135039639
133838843
132377268
130281706
130090437
131231054
130540619
129766680
130064779
131331820
131701296
130212663
130500966
130562079
131547814
133085897
156226179
131948079
131155946
132565272
131731152
131370074
130784138
131183470
130883504
131406462
131201664
131900028
131585135
131745148
131270707
131804861
131900029
131434919
133773531
131654178
132197662
131925220
131545482
132308691
132480833
132775201
132982332
131472706
132179468
131447048
132543345
132049312
132409924
132229852
133187129
132959473
132476635
134537674
131664442
133620983
132015257
131036519
132335749
131774538
131644382
131990065
132738347
131872039
134931875
133000525
133604189
135069496
134900619
134615116
134116417
134066967
133782862
134211585
132809256
133787061
132490631
133173134
131818857
132860106
134250771
133625182
133467501
133599057
136202181
132039982
135549068
133195060
134537675
132372136
133417119
134498955
133689560
132653442
133386795
133894358
131820256
