812660
3732
4665
8397
11663
40120
10263
18193
14928
27990
27057
20993
34522
31722
18661
16328
15395
8863
9330
10730
10263
19127
13529
12130
13528
13996
12595
13995
13063
13996
13995
34989
17728
15862
16327
17727
17728
17728
20526
18194
13529
8397
12596
10263
11663
9330
9330
19127
14928
18660
16327
20993
18194
17727
21459
18194
18660
20993
21926
19127
20527
34055
17261
15862
18194
13063
13063
13063
13528
12596
13062
15862
13995
13529
13995
13995
14928
17261
15395
15395
15395
15395
15395
14462
17727
11196
16328
16795
19594
16794
19594
13995
15395
15395
27990
20526
17727
25192
12596
12595
27990
32656
19594
19127
20526
997864
21926
20993
20993
20993
21926
20993
21460
21460
27058
22393
20993
21926
24258
23792
20526
13996
14462
14462
14462
14928
14928
14928
15395
15395
17727
16328
15861
15862
15395
15861
15394
14928
16794
16328
16794
16795
15395
16328
17728
18660
14929
12596
12596
13062
12596
13063
13995
13062
13062
13063
12595
13062
13529
13996
13529
13996
13529
13528
13529
15395
13995
14462
13995
14462
14462
14462
14462
14462
14461
15395
14929
14929
14928
14928
14928
15395
15862
15395
15395
15861
15861
17261
15394
15861
16328
16794
16794
16794
25192
16795
16795
17261
16794
16794
17260
17261
17261
17728
17727
17727
17727
19594
19127
18194
18660
18660
18661
18660
18661
18661
19127
19127
19127
18661
19127
19593
19594
20060
19593
20059
27058
27058
27991
29390
28924
30323
30789
31256
30323
31723
31257
31723
32656
32656
31256
31256
30323
30789
32189
28924
29856
28457
29391
28924
28924
22859
23325
22859
23325
23326
33588
33122
33122
41519
42453
33588
35455
35921
34989
35455
35921
34522
36854
36854
37321
37321
37320
37321
37788
36854
39186
25192
25658
25658
25192
26124
26124
25658
26125
25658
26125
26124
26591
35455
26124
26124
26591
26591
26592
27057
34522
35921
31723
27524
27524
27524
27990
27991
41986
34522
35921
34522
35922
34988
39187
35921
35455
35921
36388
35454
35921
35922
37787
35922
35921
36854
36388
36388
37788
38254
36854
37788
41052
40587
36854
38720
37787
38720
37787
38720
38720
40119
39653
39653
40586
38254
38254
38253
38720
40120
38720
39187
38721
40586
39187
39187
40586
114762
41053
37320
34056
45252
55048
54581
41986
33588
34056
36854
34055
34522
49450
48051
51783
49916
35455
44785
50383
50383
64378
51783
106830
54115
53182
52249
52715
51316
51782
52716
51782
53649
52249
51782
50383
43385
44319
43386
43852
44785
43852
44318
44785
91436
45718
45718
44785
44319
44319
44785
45252
46184
44785
44785
47118
45718
45252
45251
45251
45251
40120
49450
46185
87237
46651
47117
47117
46651
46651
47117
47117
47118
47584
48051
48051
63911
62046
62045
60646
64378
56447
60646
117560
62513
61113
64845
62978
63912
62979
60646
64378
63912
65778
56915
61113
67177
64379
65778
66711
66244
113362
65778
65311
66245
68577
66711
65778
68110
68110
68577
69043
84438
71376
52716
53182
54115
53182
53182
54582
54115
55515
54116
54581
51316
54582
55981
55048
56447
55515
55981
56914
47117
46651
48050
45252
46651
47584
46185
45718
46184
50383
51783
47584
45251
46651
48517
47118
47118
48517
48517
47117
48517
48983
48050
51316
48051
48517
49917
48517
48517
48051
50850
48050
48517
48983
53649
49450
48983
48517
49450
54581
50383
48983
48983
49917
49450
48984
50383
50383
49916
51316
51316
50383
49917
49917
50850
50383
51316
50383
50383
51316
51783
51316
51783
51316
52249
51316
52715
70443
69510
58780
67644
68577
63445
63912
66245
69043
62978
65311
68577
65778
64845
67178
66711
62979
69510
65311
67178
66244
65311
67178
66711
67644
69976
67644
68577
65311
68577
70909
69510
68577
68577
69977
69043
69976
70910
70443
69510
70443
69977
69976
71842
70909
72309
70909
71843
67644
68110
68577
69510
67644
71376
70909
70443
75108
72775
71842
73242
72309
52716
52249
50850
61113
52249
62979
61579
52249
52716
52249
52249
53182
52250
54582
52249
53182
51782
52250
54115
53182
53182
53649
53648
53182
53182
53183
53183
53649
53182
53648
53649
54115
54115
54115
59713
54115
54115
53649
55048
55515
86305
54582
54582
54582
62513
55048
55515
55514
54116
55048
55048
55981
56448
55982
55981
55981
55981
56914
56914
64845
63911
56915
56448
56914
56914
57381
57381
56915
56914
57847
57381
57847
57848
57847
58314
57847
58313
58314
58314
86305
84905
83972
83972
85372
84438
85371
83038
85371
83972
83971
82572
83972
77441
76041
78374
82572
79306
87704
84905
85838
83505
84438
85371
84904
88170
90037
90037
90037
91902
99833
78373
115694
63445
75574
63446
76974
62979
75574
63445
76508
62979
79307
63445
75574
63911
76041
68110
80706
64379
76041
64845
76508
65311
80240
64845
77441
65778
78374
64845
76507
65311
77440
76508
95168
65311
78841
67178
80706
66711
95634
81639
109163
67178
80240
67644
80239
67177
80706
67178
79774
67644
78840
68110
79773
67644
80706
68577
79773
67644
80706
68110
82106
68576
79774
68577
81639
75109
90036
74642
86304
74642
77907
69044
71842
71842
74641
70910
73709
69977
72776
70443
73709
70910
73242
72775
74642
70443
74175
71376
76507
71376
74641
71842
74641
78373
74642
71843
75574
71842
78840
72776
76041
72309
76041
72776
76041
72309
76507
73708
76508
73709
77441
73708
82573
73708
77440
74175
76974
76508
77441
74175
77908
74175
84438
75108
77908
76041
79306
76041
80706
80240
79307
124559
110563
109163
111030
107297
111030
108231
110562
109164
112895
109164
110562
111030
115694
104031
105431
103565
104965
110096
115228
103099
105898
102633
105898
103565
111029
111496
115228
110563
115228
121292
113828
110096
111029
110097
111962
111496
111029
108697
113828
114295
111496
111963
114295
117094
110563
106364
115694
114295
125958
102166
111496
113829
113362
114295
118494
112896
123159
113829
111496
118960
121293
114762
118027
117094
118027
116627
120360
111962
115228
111030
116627
131089
114761
112895
118027
125491
130156
117094
119893
112895
119893
111962
118960
118027
120359
116627
121293
119426
117094
118493
120360
110563
119893
117094
121293
120826
101699
92835
94235
94235
95168
93302
95168
93301
96568
94701
95635
93302
96101
94701
98900
94235
97500
95635
97501
94235
98433
96101
98900
95168
97967
95634
100766
95634
96567
97034
97500
96101
97967
96101
98900
96101
102166
96567
99833
96567
99833
98900
99833
100766
100766
96567
97501
94702
98433
96101
98900
94702
94702
91436
94702
91436
94235
92368
96101
91903
96568
91902
94701
93302
95634
91902
95635
92369
95168
93769
95635
96567
96101
97034
97967
96101
98900
97501
97967
96567
96567
97967
101699
97500
97034
101700
97501
97501
98434
97501
97501
97034
98434
126424
97967
98900
98900
97967
99367
98433
99367
98900
98433
98900
100300
107297
99367
109630
99833
99366
99833
100299
99367
104498
100766
102632
100766
100767
118494
109630
106364
108230
129689
110563
100766
103098
103099
102166
101233
101699
108697
108697
109629
111029
109630
110563
147417
148350
104498
103566
104031
104031
103098
104032
107297
116627
103099
104498
118493
104032
104498
104965
104032
104498
105431
104032
104965
105431
104499
104965
104499
105431
106831
111029
108230
106365
106364
105898
114761
193135
151149
157681
148350
148817
149283
149750
149283
149750
148816
153015
149749
160479
174474
154415
153016
152082
119893
116161
164678
127357
130156
115228
109629
110096
108697
111962
110563
111029
110563
110096
110097
109163
110097
110096
111029
109630
110096
118027
113362
114761
146018
111029
112429
111030
110096
115228
111029
111496
110096
111029
112895
111496
111963
111496
112429
111963
111496
111962
113362
113362
112429
113828
112429
113829
113362
112429
112429
113362
113362
119893
113362
113828
113362
117560
113362
113828
113362
118027
114295
119426
120826
115694
114762
114294
115228
114761
114761
115228
115695
125491
115227
114762
119427
116161
118027
116627
117094
115695
117561
118027
117560
116161
117094
118026
120826
118494
118493
118027
125491
117561
118494
118493
123158
118027
119426
118494
156280
119426
131089
118960
119426
119893
130623
121760
119427
119427
119893
123625
120360
121292
120359
126891
120359
131089
120826
119893
120826
159547
128757
121292
121759
120360
120359
121293
122692
127824
129223
127824
127824
130156
121759
123158
122692
123625
122692
123159
123625
123625
123625
124091
123158
122692
123625
124558
123625
125491
123625
124558
133422
124091
123158
124091
125025
125025
126424
133421
125491
125958
125491
134355
132956
126424
126424
129690
126424
126890
126891
127824
127824
126425
161879
172609
128756
135755
130156
129223
128290
131089
127824
128757
133889
127824
128290
128290
130156
129690
128290
130156
129223
129223
129223
131556
128757
131090
129690
129223
129223
132022
132022
128757
131089
130157
130623
131556
133888
136688
132955
140420
131556
131555
131556
137620
131555
137153
134821
131089
131555
132489
136221
132489
132489
132022
131555
132489
133888
133889
133422
133422
133422
132955
132489
133889
138087
133421
135288
132489
135755
134355
134821
133422
134822
134354
133422
136220
146018
133888
134821
135288
134821
135755
140420
134821
136688
135754
141353
136220
135755
135754
136687
137153
136221
139953
136221
135754
135287
137154
135288
138087
138087
137621
136220
138087
150216
138554
136687
141352
138554
139020
137154
149749
138553
138087
139953
139486
139020
139486
139486
149284
156748
146017
140886
140420
140420
141352
139020
139953
161878
148350
146484
157680
152549
145551
148350
146484
195468
193135
199200
209929
187071
205731
190336
191269
175874
142752
142752
141819
143685
143219
144151
148350
143218
145551
149750
145085
143685
153015
144151
143218
143685
148351
144151
148350
143218
144618
145551
143685
148350
144152
146951
145084
145084
145551
145084
150682
146484
144618
159546
146018
147417
145084
146951
146484
158613
156281
153481
146484
150683
156747
147884
148817
146951
147417
146484
147883
147417
148351
151149
148816
148816
155348
148350
148350
148350
150683
148817
150216
153949
148817
148817
150216
149750
149283
150216
151149
149283
150683
164211
150683
150682
150216
150216
151615
150682
159080
151149
150217
155348
151615
152082
151149
150216
152082
151149
152082
151616
153015
155814
152548
151616
152548
157680
154415
152548
154881
153015
152548
154415
154415
154414
160479
154414
153482
156747
154415
154415
154881
153948
154415
155347
154881
154881
155814
164211
155814
155348
160479
155814
156281
159546
162812
157681
173075
159546
157214
182406
157213
156280
164211
163745
158613
162345
157681
157681
158613
158147
158613
158146
158613
157680
158147
160479
159546
161878
160946
159080
163278
162346
158614
160013
160013
160946
160013
170276
159080
159547
160480
160946
160945
160013
160946
161413
160479
166544
160012
161413
166078
160946
161878
171676
161878
162345
161412
161412
162812
162345
161879
161879
163278
163278
163279
164211
163279
162812
163278
163279
163278
164678
166078
164678
164678
167010
164678
165611
167943
165144
164678
168877
164212
164677
171209
170276
166077
164678
167010
164678
166077
167477
168877
166544
166078
167943
167010
166544
172609
177274
167010
168877
188470
173075
169810
167944
167011
172609
172142
169343
167943
174008
177273
169343
174008
169810
169343
170742
169343
169810
168877
172142
169343
169343
172142
169809
168410
180539
170276
168876
171675
170276
171209
169809
171209
169343
171209
171209
172608
171675
171209
171209
171676
173076
171209
172143
173075
172142
172609
173542
172143
173542
173542
174475
173076
172143
172608
173075
172608
176807
173075
174942
174008
174474
174008
181472
176341
175407
174008
174942
175874
174941
174941
176341
175874
175408
179607
174474
175874
180539
176341
174475
179606
176341
176808
199199
177274
177274
187537
178207
177274
207131
243985
236054
225790
244451
248650
252381
249116
250049
237453
216927
186604
185671
188003
186604
197334
188936
189870
188937
187070
188470
246783
226257
241652
262645
251915
253314
250516
258913
257513
256114
251449
259379
259379
257514
259846
259379
259380
256580
187536
184738
185204
184272
182872
186137
181006
181472
215994
183805
185670
184272
182405
185671
203865
181472
202932
181939
182405
182405
184737
183338
182405
186137
185205
191269
184738
187536
212728
185671
188003
185671
185204
234188
243518
250982
251916
251915
252848
221126
187071
188004
188003
188003
186604
193135
187537
188937
189870
187070
186604
224391
254714
224858
201065
190336
189403
197800
189869
189403
198267
189403
188470
188470
188003
190336
189869
191269
195468
193135
194534
196401
192202
192202
191269
195001
193602
191735
189869
198733
193135
190802
192202
190336
191736
192202
191736
201999
192668
192668
199200
192202
192202
201999
192202
193135
194535
192668
206197
194535
189870
190802
191269
209929
194535
193601
194068
194068
195001
195001
201998
197800
195467
195468
197334
195001
194535
196400
195001
199200
196401
195468
212729
195001
196868
196867
200133
197333
196400
195467
200132
198267
197800
197334
196400
201066
197333
197800
201066
199666
197334
198266
200132
200599
200599
198267
201066
198733
200599
206198
199666
218793
207130
200600
199200
199666
198733
248183
201065
208529
200599
198733
202465
198266
204797
200133
202465
201532
200133
201999
201066
201065
201999
201999
201533
201999
201999
203398
208996
201532
203398
201999
204331
210862
203398
203865
202465
202465
203398
211329
203865
204798
207130
201532
203398
204331
203865
204331
203398
204798
203864
205264
204331
205264
206664
202932
205264
206198
217860
205730
205265
206197
204331
214594
205265
205265
208063
206664
221593
208064
208529
250049
208530
207130
207130
207130
215061
207597
208530
207597
207597
208064
208529
208063
208063
208996
226257
208530
207131
257514
280839
278506
282239
289703
292502
300432
293434
264977
228590
254248
272909
295301
217860
218327
220193
220193
220193
218327
230456
217860
215994
217860
215061
228590
209463
228123
212729
212262
212729
212729
215060
212262
212729
212262
212728
216927
212729
229990
214128
212261
217394
213662
214595
212728
212262
214128
215527
216460
214594
216461
217393
215061
214595
225324
214128
216927
215061
215528
216461
215061
219260
215994
215994
222525
229056
220659
218793
221125
231855
217860
217393
215527
219726
217860
215995
213661
215528
216460
215527
216927
217860
217393
218327
217860
221126
218327
222525
218793
220193
221126
217860
222991
219727
221126
224391
220192
225324
220659
219726
220192
221592
223458
221592
219260
221592
220659
223924
225791
220659
221125
222059
223458
221126
225791
222991
221126
222526
224391
225324
222059
223925
222525
222525
226258
231855
229523
223925
223924
230456
222991
261245
223925
225791
228123
224858
225324
224858
226257
225791
223458
223458
224391
226724
224391
227657
225790
224391
224391
225325
232321
226724
224857
226258
225790
225791
226257
231856
227656
232789
227190
228590
230455
228590
230456
227657
229057
228123
227657
231388
238386
238387
229057
229989
228123
227657
231855
228590
239319
229989
228590
229057
229056
231855
229989
230923
235587
229990
234188
230456
233255
230456
231855
230456
229056
231855
230456
237453
215994
215994
214594
216927
222992
224391
226257
222992
223924
222991
222992
222059
222059
227657
223925
220659
225324
223925
223924
225324
229056
224391
223924
222525
233255
223458
222525
223925
223925
224858
224858
225324
223459
223924
225324
301365
308363
328422
315827
309296
295768
294834
298566
306963
314894
228589
223925
232788
231389
229990
228124
234188
228124
230455
228590
228123
286437
301831
298567
265444
233721
243985
243518
296234
273842
233722
238853
237919
229990
231389
228123
229523
229989
229523
304164
341485
322824
291569
229523
235587
230456
232321
238387
229989
224857
235121
232789
236054
235587
233255
233721
232788
230922
231389
261712
279439
303698
332155
338220
349416
328423
323291
327023
329822
327023
330289
327956
329823
328889
327023
333088
327957
325157
324690
326091
324225
325158
324691
236987
239320
235587
257513
236054
242119
240719
237920
236054
233721
234654
234188
236520
236987
244918
236053
236520
234655
239786
235587
240719
236053
240719
237920
236987
236054
237453
241186
232322
238386
232322
245851
231855
232322
237920
230456
233255
230922
231856
233255
234188
232788
237920
242585
242119
239786
238386
240719
239786
241652
239786
242118
241652
243518
333088
323291
320492
249582
244451
247250
242118
243985
239320
240252
238853
238853
245384
251915
235121
246784
239320
235121
235587
238386
257513
237454
246317
264511
295301
301366
300432
298566
310229
268243
277573
278040
275708
275708
283638
279440
278973
277574
278972
278973
294834
248183
255647
278973
281772
282239
303698
282239
282705
285504
285504
286437
284571
285971
284104
284104
285504
292968
284105
284571
285970
285971
286437
285970
287370
286903
287837
289703
284104
313028
251916
252848
249583
252848
250049
252382
248650
250982
250049
250516
247250
249583
249583
249582
248650
252848
247717
247717
246783
304164
290169
324691
291569
300433
290636
292035
292968
292502
292501
293434
324690
274308
251915
250983
256114
251915
299966
321892
320026
326090
362945
382072
336820
334488
360612
355480
258447
256580
254248
252848
254248
255180
252848
253315
253781
254715
253782
253781
254714
253781
253781
256580
254248
256114
256580
252849
255648
254248
254714
256580
256581
360612
346617
358746
344751
348016
342418
334954
335420
335421
334021
331688
258446
281772
292036
261246
274308
258446
295301
295767
272442
283638
348483
420325
324691
276174
277573
277573
277573
289703
276641
281772
259379
259379
257980
259380
255648
276640
259379
269176
258913
290169
259846
271976
258446
263111
262645
285038
260313
263578
350349
357813
360612
351749
352682
379273
263578
271508
264511
268243
264044
270109
262178
266844
262178
277574
263578
294834
260312
320026
282238
265911
263112
263578
348482
365744
373208
379272
371342
348950
355946
353148
352681
351749
355481
352682
351282
355014
354081
353615
285037
265910
265444
269176
267776
264978
265444
265444
272442
264978
267310
265444
266844
362478
371808
358280
356880
370409
363878
359212
357347
359679
365277
360612
372741
359213
361078
359679
359679
359213
359679
359212
357813
366677
369943
362012
357346
362011
360612
374141
362011
360612
359679
363411
362012
366677
403530
280372
272908
268710
272908
273375
284104
305097
285037
278973
267777
281306
272442
278506
271509
276174
270109
457180
284104
281306
274774
285504
283171
290636
281305
277107
276174
282705
271509
298567
424990
385804
384404
390469
366210
378806
369942
366677
369942
369009
369476
371342
370409
366677
369942
370875
367144
369476
365744
371809
380672
367143
367143
371808
369943
375540
369942
346617
280372
282705
342418
344751
325624
367143
378806
371341
356414
369476
354081
373208
383471
385804
399332
389069
303697
301365
507096
293901
294367
294834
292501
298566
275241
277573
276640
277106
271975
332621
356880
357813
357346
348949
353148
345684
347083
341485
347550
340552
417526
370409
376007
375541
374140
371809
364811
378339
376007
377406
376007
378339
373674
383938
291569
387670
373208
384405
379273
381139
380205
381139
374141
381605
381138
371809
373674
371809
372741
370408
370875
364344
363878
351282
376007
377873
337287
288303
291102
315361
286903
283638
286904
359213
382072
389535
385803
385803
406797
396067
396534
404930
407730
393267
395600
481905
431055
369009
381138
385804
362011
358279
358746
367609
374607
375074
377873
379272
400732
391868
336820
282705
292502
285971
412861
412861
391868
391868
377406
382538
373675
388136
350349
383937
447849
416593
397466
369009
390935
449249
537420
373675
422658
417060
411928
415194
414260
418459
312561
307897
311162
322825
310229
321425
312561
308830
304165
310696
312095
312562
324224
327956
314894
316294
325157
309763
318159
308829
310696
314894
311162
309762
310229
315827
311162
318626
309296
325624
313028
312561
313961
334954
313961
312562
311162
310229
309763
315827
313028
312561
310696
314894
312095
311628
311628
311162
338220
313961
312561
314427
313028
314428
314428
311162
324691
340552
314428
319559
313494
321425
314894
312562
315360
313961
318160
316760
307429
313961
315827
304164
324225
317693
317693
316293
320958
317693
316760
319560
317227
315361
313028
316293
316760
316760
313495
318626
313961
315827
315361
316760
320492
318626
321425
320492
317693
334488
380205
329355
329823
327956
319093
309762
332155
327023
313494
328423
320958
320958
322358
322825
321425
320026
322358
321892
321425
321425
323291
321891
321892
320026
321425
322825
324224
324224
321425
321892
322358
323758
324224
322824
324690
325157
322824
322824
327024
337753
327490
324691
323758
311161
330756
313961
334954
314427
326557
351281
331688
334021
325624
325157
321892
327490
329356
325157
360612
337753
346150
339152
341485
452048
454380
420791
431055
450182
432921
424524
454381
423124
460912
341018
329823
328423
330289
344285
336820
327490
328889
332155
327023
327023
329823
328423
328423
328890
329356
327957
332622
327956
328890
330755
329822
329356
328890
329822
328423
327956
328890
328423
353614
330756
334021
329823
332621
337753
332155
333087
331688
331688
348016
332155
333555
330288
331689
335420
342418
339620
340085
336354
326557
319559
339153
321892
332155
333555
336353
335887
332622
337753
341952
335887
344751
333555
332155
334954
334021
334954
334488
336820
335887
340553
344284
338219
339620
338219
333555
336820
335887
339619
335421
331688
336353
335421
339152
337753
336820
337286
338220
338220
340086
352215
324691
337753
341485
338686
339152
340553
336354
355481
338219
340086
341019
335421
331689
330756
323757
306031
322825
307430
324691
308363
305564
305098
306497
306964
306031
306964
308830
308363
308363
307430
307896
324224
308363
355947
327956
334021
308363
336820
320492
339153
358279
330755
333088
332621
332155
332154
333555
320492
309763
331688
311629
331222
311162
334488
310229
338220
341019
312095
311162
311162
320959
312095
332622
312561
332155
313961
331222
315360
324225
312095
312562
313494
313028
322825
334954
335421
340085
341952
337753
493101
491701
397466
314427
331688
314894
354547
336354
347550
337753
335887
343817
338220
340552
332621
355014
315827
316761
316760
315361
335887
367609
331689
336820
336353
338686
339152
340552
340086
339152
360612
339153
339619
339619
340552
342418
335420
316760
322358
316760
321425
318626
317693
319559
318626
334954
319093
335421
317693
336820
320492
356414
317693
340553
319559
321425
337753
320025
320959
319559
321426
319093
320026
319092
320492
320959
334487
339153
321426
367609
321426
339619
322358
342418
334954
347083
369943
352215
352681
348483
334954
335887
334021
363878
346617
347083
346150
355014
348483
349416
347083
347550
351749
359679
323758
339152
324224
355014
370875
347549
352682
346150
348016
326557
324691
342418
325624
346616
339153
325624
396533
349416
350349
348016
349882
349882
349415
344750
342418
327490
325623
327023
326557
327490
326556
327490
327956
327957
327957
327956
327956
339153
327957
328423
328423
345217
328423
328889
344751
328889
338220
329822
344751
328889
328423
329356
330289
330288
328890
349882
329823
350816
331222
348483
362478
349883
331222
330288
350815
331689
333088
332155
331222
329822
362945
333554
343817
351749
331688
331689
332155
333088
349882
333555
376474
341952
424990
462311
473041
481905
461378
681571
470242
457646
438519
481904
487036
438052
449715
464177
469775
459046
383005
446916
339619
339619
335887
331222
379273
434320
333555
368542
333554
348950
331689
331688
332621
333555
351748
331221
355946
330755
331688
352682
336354
353614
338220
332621
352215
338219
396067
366676
332621
341019
335421
333087
353148
334487
356413
333554
334021
358746
337753
415194
341951
333088
355481
333555
358746
334487
339619
359679
334954
355480
335887
335887
355947
336353
360146
335887
329356
328889
431988
468842
467443
455314
342885
355481
336353
352215
337753
341485
354547
336820
349882
337753
339153
364810
337287
352682
338219
338686
357346
340552
387670
349882
355014
362478
340552
355014
343351
338220
360612
341018
358280
342418
339152
357813
335420
364344
340552
340552
360145
341019
403064
341486
360146
360612
349882
361079
341485
349416
360145
354081
349882
342885
342418
362011
341485
346616
341485
341485
363412
343351
341952
379273
351282
376007
353148
345684
361079
352215
351281
344284
339153
365277
342885
343352
343817
341951
366677
344751
346150
343818
347550
364344
347550
350816
345217
347083
363411
344284
348949
363411
345217
369475
349415
367144
364810
346151
365744
347083
348483
383938
467443
2687096
450182
491235
407263
365743
360146
362012
364344
361078
362011
363411
359679
362478
358279
361079
366676
361079
380672
363411
366676
365277
527156
514094
514093
511761
514560
509429
515493
514560
515026
511294
512228
366210
364344
361545
363877
365744
362944
363411
371341
362478
364344
362945
362012
380205
379739
356880
359679
359213
368543
358279
359679
361545
361078
362478
358746
357346
359212
359212
367610
368076
366210
367143
357813
363411
361545
360612
360612
359212
361545
379739
360612
369475
359212
425457
389069
473041
428256
421724
365277
362478
362478
362479
375541
363411
361545
362012
362012
362945
392335
362012
360612
362945
362478
371342
362944
363411
364344
363878
362478
364344
389536
365277
364344
366676
363411
363411
371808
365278
372275
364810
363411
377873
375540
389069
446917
430589
507096
504297
542084
554680
530421
535553
377873
373674
372274
374140
375074
373674
374141
376007
373207
378805
371342
366677
376007
432455
490302
517360
555146
461845
452514
412394
394667
381139
556546
515026
513161
366677
379739
375540
375074
376474
370408
383004
371808
367609
369009
366210
367143
369475
371808
371341
369942
371808
376007
394667
372275
372741
371809
370875
372275
373208
383471
373675
372742
373208
372741
375074
374608
373208
397466
373208
381139
378339
374607
373207
374608
373675
377873
371808
372741
386270
374141
375074
377873
374141
374141
375074
374141
390936
373208
374141
377407
376007
378806
376007
376473
377406
378806
378806
382071
383471
384404
380205
376940
377873
375540
374141
379739
378339
390469
382538
387203
377872
378339
377873
378806
378340
377873
393734
416126
572874
474907
534153
520158
509895
379739
393734
380672
380672
381139
382538
379739
382538
381138
383938
376940
380672
412861
380205
378339
383471
379739
395600
388136
383938
412395
380206
382071
384404
384404
381138
384404
381605
381605
383471
379739
385337
394667
383471
385803
382071
383938
405863
384871
394201
397466
390936
383005
386737
383004
408196
409595
382072
385337
386270
381605
388603
386736
410528
448782
458112
448782
393267
429656
445983
389536
416126
395133
427790
514560
396999
439453
433388
394667
395600
386270
395134
410062
388603
390469
386270
385337
392335
387670
387204
390935
388136
389536
394667
386270
390935
390935
389536
389536
391868
384871
392335
390002
388602
392335
389536
386270
392801
390002
396067
402598
391868
392334
408196
403064
393734
398866
395600
400732
393268
392801
393268
395600
394201
394201
391402
393734
394667
392335
392801
393734
395134
393735
394667
393268
400732
397000
394667
403998
397466
393267
397467
396534
394201
394667
391868
392334
399333
395601
396533
397933
395600
395600
397466
394201
396533
413328
402598
404930
403997
426390
405864
473973
585470
538352
437120
521558
520158
413794
396533
400265
400265
399332
403064
396066
397933
403065
396999
394201
396067
398399
396533
403998
397933
395133
400265
400266
412394
400732
399333
395134
400265
398399
396067
400265
400732
403064
403064
403064
400265
408663
400732
399333
405864
400265
397467
404464
402131
397000
405397
401664
401665
403065
405397
402131
406330
407729
402598
403064
402598
402598
404930
402131
403065
404930
403531
413794
412395
412861
411462
410995
415193
396533
410529
417526
397466
397466
417060
400265
399332
415660
419859
423124
397000
414260
398866
398400
417526
396999
400731
416127
398866
398866
416593
419393
398866
399799
418459
399799
401664
507562
426390
401665
400266
416593
400732
400265
425457
407729
397466
402597
418926
401198
401665
423124
402131
403064
493101
416593
415660
415660
420792
403064
401665
421725
422191
400732
398399
424991
403531
402132
419859
403065
402598
433388
417993
404464
403064
422658
406330
401665
423590
405397
403998
550481
563078
700698
610662
586403
619525
543017
572408
559345
571941
452981
447383
406330
510829
577539
564011
478639
406330
406330
426857
498699
438053
406330
431988
423125
406796
408196
425923
407263
410995
449249
436653
404931
410529
426390
407730
409596
450649
427789
408663
418460
429189
409129
404930
453914
421725
421258
432921
419392
421259
436187
417527
417526
422191
417060
423591
418926
419393
418926
416594
418926
420325
417993
418459
419859
418926
420792
418460
417060
419858
431055
419392
420326
420792
420325
418459
418925
423124
422658
420792
422658
420325
423591
421725
421725
420792
430122
480972
423591
451114
445517
422658
422191
423591
424991
428256
424990
422191
422658
424990
438986
423591
424524
423591
424058
427790
431055
419859
424057
424991
424524
421259
435254
426390
422658
429189
424990
424990
423124
424057
425457
422658
425923
426390
424523
431988
446449
428256
426856
446450
434320
426390
430588
425924
424058
426390
424990
424058
425457
468376
453448
432921
432921
530421
483770
423591
428256
426856
445050
427789
426857
431988
423591
428256
449715
433388
428723
422658
431055
427323
431055
432455
466977
431988
426390
434787
432454
431055
438985
433854
431521
433854
436653
443184
439453
430588
460912
448316
460912
444118
435254
435720
434787
431988
436654
433388
439919
580804
551415
526690
446450
461379
436186
440385
440385
435254
438986
442718
461845
435720
431055
444583
437587
436653
437586
456713
450648
438053
442251
437586
436653
434321
446449
452048
434321
435254
493101
575673
596666
571941
597133
612527
633987
592934
558413
555147
458579
452981
438985
431521
439452
467909
433854
445983
438052
438052
437120
441785
445517
434320
439453
459512
443184
441318
434787
441784
439452
439919
443184
463245
440852
436653
441318
441318
437586
440852
441318
439452
437120
443184
443184
443651
445517
445516
441785
440852
448783
439452
439452
437120
448316
443184
440852
441318
444583
444584
441319
438986
445516
443651
441319
442251
443184
443184
453914
460911
457180
446449
466976
448316
466043
443651
444584
453448
448315
444117
452515
445983
444118
444117
446916
446917
447849
452981
449249
446916
447849
453447
449716
448315
450648
451115
448782
448316
447850
506630
610661
617658
551414
449715
445983
482838
449716
446916
450181
449249
449249
447849
449249
473508
450648
451115
448782
452514
449715
449249
450182
450648
449249
448783
464644
448782
449249
449716
459512
451115
450182
452047
460911
454380
451581
456713
492168
454847
469309
451115
453447
454381
450648
453914
454381
453448
452048
452515
454847
455780
639585
629788
523890
452981
454847
472108
459512
452048
457180
455314
455314
455313
457180
457180
490768
459045
456713
457646
454380
454847
457646
473507
463245
455314
464644
461844
467443
476773
456713
466510
458112
455780
456713
459045
478172
477706
456246
459512
470708
456247
456247
456713
480038
456713
456713
466977
478639
469309
672241
541151
463244
459045
480038
466510
457179
473041
461844
460912
457646
459512
466976
464177
459045
459978
460912
464177
459979
460445
467909
462777
469776
463244
473507
480972
483305
467443
461845
464177
463711
460445
460446
462311
466976
472575
477239
462311
466043
462777
465110
475373
471641
477706
470242
479572
468376
467909
466976
482371
463711
474441
497765
466043
464177
466510
466510
466976
462311
465576
466977
467443
466977
464177
501498
470242
463244
480971
464177
469775
468842
464644
464644
479572
472108
467443
476773
467442
469309
469775
498233
465110
472574
475840
469308
466976
472108
467909
467909
468375
467443
466510
469308
468842
470708
475374
469309
470709
473508
467442
469309
468842
467909
467909
468842
468376
471641
469776
468375
472108
488902
474440
469308
469775
472107
471641
471641
470242
471175
499632
482371
474441
472108
472574
472108
471175
469309
470241
473507
495433
478639
548149
483304
482838
651714
668042
608329
619059
494034
474440
472107
492167
491235
497766
472574
475373
471641
497766
476306
475840
475373
478173
476773
473507
473974
475840
476773
475840
476773
475840
483771
480038
476307
475840
475840
479572
480038
475374
476773
480505
480505
476307
476773
475840
480505
478172
478172
511294
477706
481904
495433
477706
477706
483304
496366
515027
489836
477239
478639
478172
480038
480038
478639
536020
479106
480038
479572
479105
480972
483304
479572
475840
479106
480039
485636
481438
481438
484237
480039
484704
482838
480971
484704
484237
491235
480505
483304
504297
482372
520158
482838
482371
528089
497766
483304
481905
482837
481905
519225
486104
482371
484703
485170
484704
485637
483770
483304
486103
484703
483770
482838
483770
490302
490768
484237
484237
486570
486570
487037
485171
487970
485636
484704
487036
491234
486570
493567
498233
622791
512694
523424
487036
490302
487969
513161
488902
485636
487037
487969
487036
492168
487036
487502
489835
489369
494966
486569
487503
492634
487969
487503
488436
492634
487036
488902
488435
490302
491702
487502
488436
490768
489369
490768
508496
493568
492168
489368
501498
678772
689968
708628
682037
695099
711894
707695
710961
716092
722157
726356
695566
496833
610661
709561
709094
632121
498232
496832
681570
495434
498232
492167
520625
515960
499632
492168
494034
491701
497766
515960
502431
496833
489836
496833
496833
498699
501498
494033
501032
499165
496366
495433
496833
500098
498699
496367
494034
494034
517826
500099
500565
497766
489835
494500
493568
506163
506630
515493
498699
499632
508029
499165
542084
498232
495433
499632
514560
535087
499632
500565
498699
500099
541151
503364
502898
500098
509428
537419
501498
503364
503830
493101
499165
495900
506630
502431
501031
498232
500564
500098
502897
504763
502897
498698
501498
497299
503831
504297
502431
501964
498233
505697
516893
513160
521558
507096
492167
492168
499632
508962
500098
493567
491701
510828
497299
500565
494501
494034
501032
496833
497299
492634
518758
491235
496367
491235
503364
498232
498232
496833
495900
495433
500565
500098
497766
494966
497300
678306
1272172
668508
849980
699765
703497
680171
500565
632587
676439
677372
499632
533221
501965
499632
502431
513160
498699
499166
509429
501032
502898
498232
505230
498233
512227
502431
498699
549082
504764
505697
499165
500565
502898
506163
603197
564010
509895
505697
501031
500098
502898
502898
506163
503831
505697
500565
499165
503364
504297
542550
509429
502898
498232
501498
535086
507563
510361
504763
502431
502898
498699
499632
524357
530888
502431
503364
598998
544883
503364
507096
505230
507096
499632
507096
500564
509895
515027
545350
510361
506163
504764
506163
505230
519692
509428
505697
505696
502898
511295
522957
507096
547216
535553
507563
501965
505697
504297
507562
510828
506630
507563
507096
522957
512694
514560
508029
505230
512228
505230
512695
508495
561211
507096
514094
513161
514560
512694
513627
513161
510362
544884
700697
662444
677372
699298
715159
698832
521558
510362
510362
550481
711894
693700
717492
512695
529022
522958
543018
523424
526223
517359
524823
519225
517359
524357
522025
525290
524357
520159
541152
558412
526690
544417
532288
531355
523891
522025
524357
525290
524357
527156
525757
528089
526223
525290
532754
528089
530888
525757
527156
529022
524357
550482
554213
553747
538819
528555
534620
551414
537886
527622
536953
530888
529488
528089
526690
526690
533688
529955
529488
530422
536953
528556
532754
547682
528089
530422
529022
541618
533221
529955
527622
538818
550948
529489
525290
529489
549082
582671
544417
529489
542085
551881
533221
539751
528556
526690
538352
529955
549082
550015
541618
534620
529489
529489
543950
532754
535087
535554
534154
531821
529488
531354
536020
559811
574740
537886
555613
543483
533688
766942
603664
537419
597599
534154
536952
548615
549082
545817
582204
537419
546749
537886
538352
523891
535554
532754
542085
533687
536020
537419
536486
539285
536487
536953
533687
569609
545817
534154
536486
535087
536953
545816
537886
540684
539751
537886
537419
538352
534620
537886
532287
539285
542085
540684
540685
538352
535554
538352
542084
534154
543484
543018
540219
539751
540684
535553
548615
540685
543017
543484
536953
542084
541152
541152
539285
538818
540685
541151
543018
541618
541151
540218
542084
544417
537419
543484
542084
546283
547216
543484
543017
562611
539285
541617
545816
543484
543484
539752
542551
539751
544884
542551
538819
544417
546282
545816
546283
544416
543018
537885
546283
550948
546749
545350
553747
548149
544883
545350
544417
544417
551881
556080
545816
556080
590601
559811
555146
560278
554214
558412
547682
547682
561678
552347
546749
553280
569142
546283
548615
548149
536486
559345
559345
547216
552347
560278
549082
551415
561212
549082
556080
572874
551415
549082
552814
549082
549548
550948
551881
554213
553747
552348
545816
552348
550948
550481
547216
555147
552347
552347
562144
573807
555147
563544
551415
553747
553747
554213
550482
559812
568209
566343
566342
564010
575673
562611
567276
558879
560744
553281
556080
552348
552347
601797
559811
564943
553747
563077
555613
555147
556546
555147
558412
560744
559345
561678
566343
560279
561211
554213
556079
557479
553281
553281
560278
574740
574273
560745
561211
559812
558879
557946
557479
551414
557013
558879
564477
586869
580805
576606
587336
562611
560279
566810
555613
624190
820591
799132
818258
807528
622790
547216
559345
560279
559812
562145
597599
566343
576606
576139
584070
562144
564477
564010
562610
561211
561678
561678
561678
575206
605064
573340
571008
565876
563544
567275
561211
580804
563078
563544
582671
561678
561211
562610
565409
568209
568209
565876
591535
560745
571475
578938
585470
571008
564010
561211
559345
565410
567743
568676
562144
566343
683903
727289
664310
716559
630722
573807
787468
805663
796799
792600
700698
569609
568675
558412
585469
586870
598532
573807
573341
796332
814526
818258
824323
774406
815459
826189
838318
673174
567742
585937
583137
567276
572408
569608
592001
567276
592934
573807
567275
567742
568676
573807
572407
574740
586403
578472
833653
570075
572408
571474
572874
571008
572407
592933
573340
576140
573340
574740
573341
574273
572874
571475
571474
573340
576140
612994
578006
571941
653113
585470
574740
576139
574740
576140
580338
578472
570541
574274
619525
584537
577073
578939
574740
573340
570542
578472
594800
617659
584537
585004
595733
577539
578005
594799
579872
577073
575207
571941
574740
885435
790734
719824
593401
584070
581272
586869
594333
593401
586869
585469
585003
591068
583137
584537
584070
583137
580338
595267
579405
581271
603197
584537
582670
580805
587803
583137
595733
597133
615326
604130
585003
582671
583603
583137
584537
603197
579405
578005
578472
590135
585937
586869
603197
599932
601331
585937
606462
604597
585936
588268
588735
615793
586869
590602
583137
583603
585937
581271
582671
584536
585936
630255
587802
592934
608329
587803
592001
587336
585936
644716
620458
590135
589668
592468
607863
585470
602730
610662
594800
585470
584537
586869
586869
587336
632121
585936
587802
589202
624657
587336
591068
609728
589669
592934
633986
799598
811727
588269
588735
606463
588268
602264
611594
600865
604130
602730
613460
603664
591535
613461
614859
592467
592934
594800
593400
592467
592934
594800
591534
594333
601797
615326
609262
595267
593400
591534
592468
592467
597132
590135
605996
598065
592001
592467
592934
593400
594800
596200
598066
592467
599931
615793
608329
622791
593867
602264
597599
598998
596200
595733
598532
597132
642851
630255
603197
592468
586869
601331
588735
589202
590602
583137
585469
582204
580338
583137
579405
583604
586870
585003
614393
585937
585936
586403
626056
602264
584071
584537
583603
589202
594800
595733
596666
600865
587336
596199
586402
588269
640984
589668
591068
592467
588735
593867
585003
592934
589669
590135
587336
590601
590135
595267
585937
588736
591534
778605
1222722
802864
2109090
633520
592000
586869
583603
591534
588735
590135
587335
590601
595733
849514
592933
597599
591068
586403
589668
592000
594333
590135
589201
594333
591068
594333
592934
591534
590134
594800
592467
590601
594333
593400
592467
593867
594333
612527
718425
594334
651714
605530
596199
598065
592468
592468
590602
596666
593400
593400
592934
592467
592467
596665
593867
596200
594799
594800
595267
593400
594800
593867
600398
703963
596199
602731
647515
593867
596666
602731
597599
596666
609261
606463
601798
618126
598999
605530
603664
610194
599932
605063
610661
602264
598066
598999
604130
605063
620458
600864
601797
597599
602264
608329
595267
615326
614860
599465
647982
607396
600865
600865
668975
783736
800531
852780
848581
657312
606463
610194
605530
617659
616726
633053
603664
607396
603197
608329
607396
611594
607396
606929
603663
632588
614393
616260
608796
633520
633987
619525
620458
621857
612994
617193
616726
675506
661044
627922
625123
619992
619992
623723
613460
614860
615793
619059
609729
612060
613927
641918
634919
643317
622324
627922
612994
619059
620924
619525
612527
621857
622790
679705
623724
619058
615326
627456
619992
622324
621391
618592
621391
619991
622324
622324
621858
628855
626057
641917
631188
633053
633053
675973
654513
640518
626523
627922
627456
620925
622790
626989
627455
631188
628855
628855
623257
629788
623257
631188
633987
632120
715159
854646
872373
865375
629322
630254
616260
630721
639118
658712
627455
645649
659178
621858
627922
627456
624190
620458
631654
618592
628855
624656
641451
622324
628389
621391
630722
627922
652647
624657
629322
633054
631188
636319
625123
648449
629788
626989
632121
628855
648448
646116
644250
650314
679238
632587
732887
631654
640984
627922
626522
645650
630254
625123
632121
648448
627456
630255
631187
633520
645650
630722
660111
630254
646116
644717
648915
633054
640518
655913
624657
648449
626056
647049
632121
633053
631654
615326
630721
630721
625589
628389
652181
637252
633987
640984
640518
656379
648915
702564
636786
636786
642384
657312
653114
653113
651248
647049
641451
633987
654980
664776
644250
645650
654047
670841
648915
655913
631654
639118
640052
640518
646583
642850
641451
644717
720757
643317
637719
627922
663377
640518
646582
656379
662444
639118
657312
652180
637719
640051
646116
654979
642851
646116
640985
640052
684836
640517
634919
640518
641917
646583
640518
644716
637719
639585
624657
639118
650781
640051
642384
643317
643783
644250
651247
661511
667576
642851
645183
644250
643783
651248
646583
645182
645183
647982
647049
683903
641917
651714
645650
641918
647516
645183
647515
645650
640985
658712
677839
670841
645183
657312
645183
708628
648915
647515
644250
640985
645649
641451
643317
647516
647982
646116
647049
647515
665709
681571
763210
706296
649382
637252
662444
644250
647982
647515
648449
655446
651247
661977
664776
688102
651248
664777
649848
652648
652180
670841
654513
648449
652647
695566
667109
647515
646582
658245
663377
651715
650781
658245
653580
655913
653580
653113
655446
651248
653113
647516
653114
646116
654980
650781
654047
656380
653580
659179
655447
698365
655913
655913
654980
657779
656379
661511
653580
644250
643784
651247
651247
655446
653113
685769
666176
671308
677839
665243
659644
656846
663377
660577
665710
654047
646582
673173
652647
652181
657779
661510
659179
659645
651714
647515
654979
659178
657779
658711
653580
669908
668974
712361
673640
661978
676439
839252
655913
646116
733353
673640
656379
661510
658711
655446
661977
668508
704429
667109
654980
655446
654513
661511
661044
664777
675040
673174
680637
662443
665243
664777
666175
684836
661511
664310
661511
662443
664777
662444
676439
680637
666176
663844
663843
684836
663377
663843
667109
664776
657779
664777
665710
668042
665243
663844
681571
694633
684370
666643
675972
667575
667109
663844
661977
661511
668508
667575
667575
679238
680638
686236
667109
672240
669441
668975
660578
668509
666643
670841
691834
669441
671774
720757
670841
667109
671307
664777
666176
670374
674107
671308
668975
695566
674106
671774
672241
682503
666642
666176
668975
753413
718891
738952
683903
721224
670841
663843
672707
668042
667575
675972
683437
701631
668508
666176
673174
671307
669441
672240
671774
676439
683437
689502
704897
676440
672707
666642
669908
673173
675506
676905
674107
696965
673173
678305
682504
686235
684370
678772
677372
688569
685303
675973
674573
674573
693700
721224
682038
676439
677372
678305
686702
675972
676906
676439
691367
688568
687169
687169
709095
678305
678305
681104
675040
671774
691367
690434
696499
709094
670841
677372
684370
689968
673174
675039
688102
709095
703030
679705
680638
679704
676905
674106
711427
694167
692300
689968
692767
678771
676905
678305
681570
707695
687635
705363
696499
673640
677372
676439
681570
701164
684370
683437
695100
721224
685770
682971
683436
678772
678305
677838
678772
706296
710494
695566
683903
691834
683903
676906
685769
700232
700231
681571
676439
677839
706762
801930
742217
697899
697898
693700
695099
698832
981537
696499
717025
692767
703030
694167
694166
993199
998798
1005329
989933
1009993
998797
971274
970806
1002063
1018391
975006
993199
1087434
989934
1015591
1003929
991334
1002996
995998
992733
999264
993665
1026788
996931
987601
1019323
977338
974073
1012792
993199
922756
808928
704430
700231
699298
702564
698832
696499
702564
700232
704429
699764
700698
702563
704429
699298
705363
701631
701164
701630
699299
715625
701164
823857
702097
700231
710961
701631
705829
711427
706763
682504
687169
688569
691834
688569
704429
706762
706763
696966
692301
717025
699765
700231
731021
691367
684836
689502
935819
967541
692301
707695
705830
699298
690435
710028
693234
692300
721690
696966
704896
691367
709095
714693
691367
717492
708161
700697
710028
699764
713760
689501
690435
691834
710961
713294
710027
712827
697433
704896
694166
724490
701631
702097
708162
703497
700231
706296
934885
910161
720291
729621
726355
716092
713760
695100
694633
691834
714693
697432
714227
715626
727755
703963
702097
710028
698365
720291
698831
709095
711894
706296
725889
704896
706296
704430
707695
719358
705363
714227
713760
708628
746882
754346
705830
697432
725890
753880
734753
770207
717959
703030
732420
736619
708628
715160
698365
703963
714226
701631
708162
712360
710028
711428
702097
702097
712360
714226
708162
707695
711427
702564
709562
721691
734753
702564
707229
711894
710494
714226
709562
710961
710961
707695
709562
710494
710028
712360
709562
709562
708161
710028
711428
708628
718425
714693
704896
713293
714693
948881
742683
706296
735685
726822
711894
711427
718892
715626
701164
705829
723090
723090
725889
751080
715626
711894
715160
730087
712827
713293
711427
717958
710961
714226
728688
724023
747348
717025
713759
711427
722623
731488
713760
720757
718892
707695
710494
725422
726355
730088
725889
712827
715626
717492
718425
734753
720758
716559
706296
708161
729621
731487
761343
726822
719358
713293
729622
726356
733820
729621
702097
721224
733353
720757
720758
722157
719825
705363
730087
734286
730555
728221
715160
718891
725889
729621
743617
727288
721224
708628
733353
735219
749681
720757
719824
751547
736619
734753
728688
717492
712827
733353
730088
722157
724023
725423
725423
722624
726822
721224
723557
725889
728222
758545
758078
723556
723557
724490
726356
725423
731487
710961
725889
728689
737552
718891
718891
780937
737552
766476
738018
711894
730554
724023
721224
737552
723090
724956
740351
738951
723557
749681
718892
725889
737085
738485
739418
720758
718891
722157
737085
735219
753880
725889
729155
718891
749214
730087
716559
722157
722624
725422
741284
742684
720757
719358
719358
720758
724490
742683
716092
726822
739418
742684
768808
723090
725889
738951
733353
749681
753880
743616
783270
745949
760411
732420
725889
739418
746882
772540
736152
747815
761344
781870
748282
732887
733820
720291
751548
744083
747815
735219
749681
794933
769275
738018
738485
738952
735219
733353
744083
728221
808461
780938
774873
732886
729155
732420
729155
774407
730088
729621
749214
744083
982470
1049181
1030986
744083
796799
750148
777205
737086
740817
748282
772074
744550
742217
743150
745483
732887
739885
764143
745949
745949
733819
746882
748748
746882
722624
731953
752014
749681
762277
758545
735220
750147
748748
750614
764143
741751
739418
746416
748748
752947
724023
756213
984802
1008128
725423
730087
725423
724490
725422
723557
719825
742684
736153
767408
724023
724956
842983
728222
733819
728222
729621
729155
726822
747349
727289
719825
777205
732421
727756
733353
721224
780937
728222
733819
742217
727289
727755
780938
743150
734286
729621
736152
736619
727755
730555
727288
727288
731953
733353
723556
722624
722157
744549
730087
732420
731021
729154
743150
748282
732887
734287
764143
741284
739884
729155
730088
735219
735219
735220
734287
729621
731487
728688
749681
729155
1024922
1001597
732887
730554
743616
739884
738018
988534
992733
1018391
1045915
1327220
983402
986668
982936
1185868
1000197
1002063
981070
1051979
961010
953546
1069240
822924
791667
800064
794932
764143
783270
765543
802863
789334
1035651
1098164
774407
772540
777671
804263
827122
793066
776272
774873
765542
787469
762743
1042182
914826
773007
766476
772074
780471
1036118
969874
947015
817325
771141
767875
766942
779538
765543
789801
772073
775806
771607
766009
766475
767408
858378
829921
771607
1080903
1112159
950280
811261
773006
795399
861177
826188
828522
907828
1269373
1624387
915758
762277
877505
819657
986668
1143415
1067374
1097231
1156477
938151
1180736
1138750
881703
853713
1002062
864443
851847
856978
823390
865375
831320
891966
1179337
1113559
1135018
1146681
1149480
1151813
1141083
1140150
1150413
1126155
1120090
1216658
1195198
1156011
1009994
846715
960077
866775
871440
902697
992733
1040317
864443
829921
1137351
1006728
846715
1132219
1133619
987134
1167674
1072506
1178404
1181202
1681301
1203129
1162076
1172339
1151813
1179803
1143416
1153679
1164408
1173271
1172339
1136418
861177
845316
1080903
1178870
1127088
1153678
1156944
1171873
1180270
1166274
1149014
1197997
1197064
1171873
1169540
1160676
1112626
1129420
1150413
1136418
1139217
1140617
1191933
1184002
1182136
1172806
1184469
1128954
1104229
1179803
1230186
1238584
1201729
1173272
1142949
1199396
1136884
1274971
1253978
1197531
1129421
1223655
928820
832253
834119
837852
827588
976405
833186
835052
826189
830387
861644
867709
834119
824789
830854
832720
831787
829921
830854
885902
833187
851381
838785
1119624
843916
834586
837385
943749
835052
831787
840184
828055
823856
831786
956812
841584
884969
836919
833653
836452
836452
845782
835985
932086
837852
846248
837852
840184
842517
834586
836451
862110
842050
915759
845782
835519
835519
1214325
1183069
1166274
858845
839251
838785
837852
840651
839718
840184
840184
953079
845782
851380
870041
840184
851380
847181
846716
846715
981537
842050
951213
842516
839251
846249
843450
842983
851381
841117
835985
836919
839251
839251
844850
847648
839251
860710
850914
878437
842983
839251
844849
848582
840650
843449
844849
843917
844849
844849
851846
851380
842983
843916
824789
815459
798665
811727
861643
847648
848581
828521
840650
791200
795866
798664
809394
803796
810327
790734
793066
822456
795865
809861
795866
798198
790268
825722
791667
792600
851380
791667
793999
781404
798664
800997
807062
794933
831320
830387
796332
794466
794933
785602
784669
812660
797265
810328
794466
780937
783270
783736
807061
803796
818258
796798
796332
791667
784203
800998
783270
803796
813593
794466
860244
871907
879370
850913
856979
797732
800997
828987
810328
802863
779071
777205
787002
4858232
1097230
1100030
1135951
2622251
1067374
1100963
1115424
1118224
1126155
1106561
1099097
1116824
1121023
1124755
1110293
1113093
1104695
1103296
1073439
1107961
1098164
1067841
1105629
1059444
1095832
1147147
1109360
1215258
1086501
1073905
1099097
1143416
1187734
1180270
1034718
1048247
1062709
1206394
1007195
798198
791201
812660
786535
790268
821057
817325
903630
803796
838785
804729
804729
787935
811727
797732
815925
836919
846715
838318
803329
803796
810794
789801
814992
818725
802863
978271
825256
807995
800997
808461
811260
798198
799132
795865
804730
819658
797265
821524
797265
814992
791200
796799
861177
1101430
1193332
820124
846716
808461
807062
808462
810327
804729
804263
803796
812660
805196
797731
806596
809395
810794
805195
807995
808928
807062
808461
801931
810794
808461
803796
815926
812193
814993
797731
814059
818258
796798
813593
813593
806595
819191
818258
823389
822923
815459
808462
814059
829454
806596
809860
819191
818258
818725
804729
835985
821057
803796
821057
819657
794933
839718
811727
808461
816858
815925
813593
811260
816392
818258
824322
798198
814059
824323
822457
806129
822457
840184
802397
822457
846248
825723
837851
829921
832720
831786
820124
814526
822457
839718
809861
823390
874239
816858
822457
815925
807062
822924
828987
818258
819658
843449
833187
815459
816392
809394
800998
824789
823856
811261
823856
826655
887768
877972
830388
811260
824322
828988
834586
823390
833653
828055
807528
828988
829454
810794
827589
828988
807062
835052
827122
811260
828055
845782
834586
821524
840651
819658
820590
828988
829454
821990
824323
816859
803796
827588
825722
815459
827588
835053
819191
835053
828521
808461
843916
882170
870974
1045915
858845
840184
840184
824323
825722
880304
834120
823856
833652
837385
837385
856045
828522
827588
831787
836918
824790
818724
821990
834119
860244
830387
832720
825722
828054
833186
836452
817791
843916
828988
821991
938618
823390
808928
807995
824323
803796
829455
845315
1051513
1112160
1145747
1158343
1128487
1144349
1229254
1073906
1063176
808928
807529
813593
809861
808928
817792
809395
928821
816859
805662
821990
810327
803330
802396
814993
816392
822923
817792
813593
808462
813593
809861
809394
812660
988534
1858575
824789
817325
819657
814526
818258
871906
814526
819657
837385
813593
820591
813127
807062
819191
814059
817325
816859
807995
815459
814992
813126
823389
828521
816859
823856
829454
814993
815925
824322
813126
827121
824322
816392
822923
822457
989467
860244
818725
821990
817325
822924
821990
820591
821523
873773
833186
824790
846715
1128487
1121490
826189
851847
1183069
1004395
855579
843916
817325
835519
818258
821057
819657
831787
824789
852780
826189
844849
848115
851381
849981
853247
873306
850447
854646
847182
849980
842517
832253
851846
837852
846249
858378
851847
849047
851847
850914
855113
851380
828988
835053
831786
838784
862577
848581
831320
845316
848581
840184
834586
835985
852313
854646
849981
857444
913426
855579
856978
840184
853713
856512
851847
853713
852780
861643
837385
833653
852780
838318
942816
849980
849514
847648
861643
953545
1184468
1223655
990401
849981
855112
840651
858844
829455
849048
856979
840184
861644
857445
850913
850914
862576
854646
857911
829921
843449
858844
844849
859777
861177
861177
861644
836452
857911
857912
873307
855112
862110
864909
845782
887768
863509
850914
851381
850447
851846
853713
875173
853713
853246
851380
846248
852314
855113
850447
852314
852314
846248
854179
852780
857911
846248
865842
855113
860244
856978
855578
878438
859778
863509
847649
864909
891500
838318
856046
863976
863976
904096
869108
977805
864443
843916
864442
862576
878438
859777
859777
841583
840651
865842
878905
866775
856045
913893
860711
860710
902697
874706
856978
861644
928354
876105
892900
884036
882170
858378
846716
875639
872840
863043
867709
867708
867242
866308
857911
865375
959610
1233452
1156944
1119157
870041
847648
866775
873306
866775
890101
854646
860710
858378
839718
868641
868174
869575
860710
853246
862577
871440
884969
882170
851847
869108
872839
859778
909694
854179
870041
875638
854180
870973
863976
868174
863509
855112
870041
891500
860244
897565
901763
869108
861177
867242
869574
861176
870973
899431
879371
887302
859777
860710
859777
850914
864909
861643
869107
862576
841117
867708
866775
874706
849047
857912
871907
881237
863976
841117
863043
887768
868641
985269
1169539
1207327
975006
864443
865842
855112
982469
1276370
849515
869574
870507
867709
870973
848582
875172
870507
912493
872840
986668
867708
848581
862110
873307
868641
910627
849514
871907
868641
868174
899431
849048
869108
867708
871907
872840
849514
900830
871441
862576
866308
852780
865842
877039
861177
875172
849515
870041
877038
874705
870507
862576
876572
868175
878438
883103
857911
870974
871441
869108
885436
848581
874706
871440
871440
877038
870041
871441
874239
871440
871440
858378
1063176
1374804
1530152
1232985
893366
901763
863043
872840
907828
887768
905029
877039
901297
897565
884969
879837
878904
875639
872373
885902
886835
882636
897565
881703
875639
886835
883103
886368
873773
883103
883103
891034
917625
881704
893366
893833
926955
882170
877505
874239
885902
893366
886368
886835
879838
890100
873772
915292
890567
884969
904096
877505
893833
893833
891034
893366
891500
887302
867242
891033
888701
890101
893833
871907
887768
876105
891967
888701
888701
894766
872840
995532
1204062
1228787
917625
910627
895232
895232
892433
897565
897564
899897
883102
907362
895698
918558
892900
918091
893366
890100
888235
897098
924622
892900
916692
893366
877971
895698
883569
897098
898498
885902
897098
871907
893833
885902
906428
898031
963342
911560
1089767
900364
905495
891500
895698
890567
894765
896165
888235
890567
897098
903163
895699
897098
898965
908295
895232
892433
894766
957745
900364
891501
906428
891501
879371
884036
896165
901296
889168
916225
898965
903629
895698
902230
884969
889168
900364
887301
901297
890567
903630
883569
913893
902229
928821
905029
907361
937218
885902
905962
905495
929287
915292
899431
900831
900830
896632
903629
906429
905029
899897
902697
905029
900831
890567
928354
890567
904096
903163
1201262
1178403
1141549
900364
900830
915758
899898
904563
906428
887302
915292
910627
905962
895232
919024
900364
894766
908761
905496
903629
907362
905029
906895
906895
909694
905962
902230
906428
905962
908761
918091
915758
911093
909694
905495
906894
917158
912960
900364
954012
901297
888701
898964
955412
906428
904096
898964
913892
903629
898031
898031
904096
948881
920424
904095
906428
901763
900364
914359
943749
1225521
1018391
883103
908761
902230
904096
904096
913426
905029
1126621
1367806
1273572
1243715
1277771
1068307
925089
932553
904096
897098
906894
892433
909228
900830
924622
900830
901764
903162
905029
905029
906895
902230
905029
905029
905962
910160
910160
906428
995531
912959
935352
911094
909228
913893
913426
907828
913426
906895
909227
900364
907828
920424
919490
905495
906429
933952
909228
918091
910627
948881
910627
909694
891967
907828
962876
907361
912960
911560
912493
910161
914826
919957
912027
910627
1100497
1241383
913427
914826
921356
1201262
1258643
915292
925089
913893
915758
915292
921357
914359
911093
910161
914359
894766
926955
922756
913426
920890
912026
919024
917158
912027
913892
915292
912959
918558
909227
914359
1072506
909694
951680
921357
916225
930221
917158
917158
897098
916225
919024
918558
925555
919490
919490
914826
936751
920891
918557
917158
930220
910161
916692
917625
918091
915292
919957
911094
901763
913426
916692
917625
915292
966142
914359
929754
920424
922290
920890
917625
923689
1232053
1238583
1240449
1002529
923223
912027
922289
917159
920424
944216
919957
1007661
926488
934419
928354
927888
933486
933019
930220
926955
932086
927422
922757
936285
941417
930687
947015
932086
929754
933486
924623
959611
937218
927422
933019
974073
934886
932553
933486
931154
921357
923223
926955
936285
917625
968008
942816
925089
932553
930220
933020
938151
932553
924156
932553
924623
927888
930220
931620
937685
934886
933020
933019
931620
940950
931620
933019
926955
932553
1217124
1355211
1054312
952147
919024
922756
927888
969874
1003929
936285
937218
925556
921357
943282
945149
923689
942816
941417
943749
922290
947015
968007
921357
962409
941416
940950
921356
925556
941883
938618
927421
938151
940950
950281
949814
946082
935352
928821
927421
930687
945149
963342
956345
930220
942816
968940
944215
947481
941883
930687
946548
948414
929288
943283
989001
932087
961010
963343
942350
942350
945615
963809
965675
992266
947015
942816
925088
972206
1173738
1359876
990401
947481
946082
954945
976405
962410
952147
948881
947015
959144
953546
950280
930220
951680
933020
930687
954946
950280
949348
980604
953546
980603
944215
954012
933019
951680
953080
960077
947948
952613
965675
952613
933953
958211
953546
962410
956345
950747
969407
964742
932087
975472
926955
969407
946082
947947
954478
950747
953079
953079
970806
954479
943282
990401
969874
956812
925089
952147
954478
970807
958677
956811
953080
1036584
1087901
961477
968475
944216
964276
926022
990400
949814
953079
968941
957278
957744
938151
955879
939085
954479
957278
951214
956811
941417
950280
980604
978737
960077
961477
976404
933952
969407
930687
965675
946081
963342
963343
958211
969408
968474
1109360
990401
987601
962876
955878
965208
960543
964742
963809
959144
955878
959610
968940
961476
970807
959611
951214
944683
974538
982470
955412
958211
952146
957278
940484
941883
954013
963809
963343
968941
961943
964743
950747
948415
983869
965208
961477
947948
941884
967542
958677
938617
958211
932086
963343
968008
963810
966608
964743
968941
979204
969407
950747
967075
954479
957745
968008
947947
967075
965209
967075
955879
958677
1026322
1028188
970807
970341
1009994
967541
968940
969874
953079
1025855
973139
971740
988534
963809
945616
955412
952146
972207
950747
968008
976404
982003
960543
965209
982469
952147
970341
970807
958678
964276
953080
948881
955878
950280
982469
954945
975005
959611
967541
948415
948414
962410
966608
985735
964742
977338
972207
947948
961010
970340
948881
962410
975006
1004395
1317890
1155544
965208
971273
977337
972672
969874
1000197
978738
960077
970340
999731
1323955
1352411
1379935
1193331
975006
973605
977338
950281
980603
974539
973605
971273
997398
976405
971740
972206
995532
972672
1029120
971740
975005
975939
974072
970807
974539
977338
961477
989000
974539
1013725
975472
1014192
975472
974539
1177937
970806
971739
965675
960544
968940
971740
968474
1037051
963342
966608
970807
965208
958678
965675
967541
1142482
974539
968474
971740
968940
968474
969874
1076705
1321622
975938
970340
966142
973139
1267973
1337483
1361276
974539
971273
973605
963342
966608
993199
972673
968007
966142
965208
973606
965208
976872
976405
971740
1164408
1009994
970807
972206
976404
984335
974539
970340
976871
989000
975939
971273
973606
976404
969873
1065041
1005795
1036118
970806
1025388
977805
978271
1003463
975006
991333
968008
973606
977804
991800
972206
972673
1003462
1012793
982003
970340
967075
989000
982936
993199
1196131
986668
975471
982003
980603
965675
975006
1302962
1236251
1291299
1363608
991333
979204
974538
979671
984336
976871
975005
979671
983402
982003
975938
962409
1016525
1147147
980136
1001596
992733
990400
988534
999731
996931
994132
983869
973605
997864
986201
990400
989934
989467
1020724
981536
1003463
1008594
1035651
1025389
1009527
1042649
1006261
1008128
997864
1001130
994599
969874
996931
1030520
1026321
993199
984335
996465
996931
998797
998797
999264
1015126
982936
1002063
996465
996465
998797
997398
1026788
987601
1195198
993666
994132
993666
996465
1036585
992733
997864
993666
995532
1024922
997398
982002
1050113
1015592
1011393
1002529
995065
996931
997864
1000664
996465
1003463
1002529
986668
1001597
1009060
998797
1002529
1019790
1003929
1000197
1330019
1449446
1403261
1426587
1006729
999730
1001130
1000664
988534
1006262
997865
1031920
1015591
1009527
1019324
1005795
1000663
1004395
996465
1008594
1000664
1002063
1002996
1012326
1007194
982936
1002529
1019324
1031919
1006261
984802
1008127
1019324
1000663
999731
988534
1011859
1007661
1007194
1006261
1002996
1010927
1054312
1003929
1006728
1001596
1009061
1007195
1015125
1012793
1019324
1038917
1002995
1018391
1002530
993199
1009527
995532
1007661
1005795
999730
1036584
1023056
1374804
1093499
1002529
1009061
1011859
1013726
1026322
1012793
1013726
1009994
1026322
1013726
1002063
1009527
1006728
997865
1008594
1020257
1020723
1010927
999264
987601
991333
989000
1009527
1025389
999730
1014659
991333
996931
1010927
1004395
1023523
1014192
1011860
999730
1012326
1014192
1012326
1015592
1013725
1014659
1018857
1015591
1013259
1000196
996465
997397
1002063
1014659
993200
997864
1002529
1003929
999730
1006728
1007195
1005329
1012792
1005795
1000664
1009993
1341682
1560008
1125688
1006728
1008128
1000663
1004395
1004862
1007194
1028654
1009061
1006261
1069240
1004862
1003463
1003929
1004862
1004396
1021190
1002063
1012793
1013726
1008127
1022590
1017457
1006728
1002530
1040317
1003929
1017924
1009527
1015125
1009527
1014193
1009527
1007195
1004396
1011859
1001130
1011859
1026321
1009994
1008128
1139216
1015125
1014192
1068774
1399529
1005795
1010460
1093032
1011860
1050113
1237184
1249313
1038918
1261442
1048714
1018858
1025388
1005328
1006261
1019324
1041250
1026787
1024456
1025388
1023522
1004396
1021189
1054778
1046848
1042649
1038451
1030520
1019323
1027255
1022589
1033785
1023989
1026788
1046848
1031453
1023989
1023055
1026322
1022122
1025388
1032386
1028187
1027255
1024456
1043583
1047314
1037984
1440582
1430785
1027255
1052912
1070174
1038917
1029121
1024456
1031919
1027721
1025855
1011860
1029120
1049647
1114959
1032853
1026321
1027721
1039384
1022589
1020724
1030520
1029121
1066908
1030986
1018857
1028188
1037517
1041250
1035185
1029587
1023989
1035185
1030520
1034718
1028188
1011393
1037517
1104229
1016991
1032386
1030987
1033319
1032386
1030987
1031453
1030053
1035185
1025388
1031453
1021190
1078104
1037051
1034252
1037517
1095365
1039383
1043582
1127088
1393465
1048247
1031919
1112159
1032852
1033319
1070640
1034252
1034252
1051513
1067374
1034718
1026321
1034719
1028654
1032852
1042182
1031919
1032386
1034718
1048248
1041717
1045448
1054778
1040317
1033786
1038917
1043116
1040783
1038917
1041250
1045448
1041250
1039384
1042182
1037517
1039383
1039851
1039850
1037052
1037984
1044516
1040316
1051047
1037984
1042649
1043116
1040783
1030520
1030520
1076238
1056645
1083702
1038451
1045449
1023523
1071106
1043582
1057578
1112626
1060377
1078571
1068774
1042649
1013726
1069707
1046848
1089767
1054312
1049180
1071106
1051047
1034719
1042649
1043116
1023989
1046848
1026322
1047781
1048714
1029121
1089767
1035185
1031453
1034718
1081836
1041716
1039850
1030053
1377136
1211992
1037051
1042649
1040317
1033319
1034719
1032386
1029121
1035185
1044982
1074838
1040783
1034719
1082770
1039850
1034719
1062710
1033319
1039384
1040317
1034252
1144348
1043116
1100030
1039850
1039850
1050580
1041716
1037517
1358476
1314158
1044515
1038451
1035652
1039850
1094432
1035185
1037517
1034718
1075305
1077171
1048714
1055245
1038450
1064108
1035652
1075305
1041250
1042650
1049647
1039384
1038918
1037518
1046382
1037051
1036118
1039384
1036118
1038918
1047314
1051980
1042182
1353811
1345414
1043116
1040317
1035186
1046848
1042183
1059910
1039384
1049180
1079037
1046848
1044516
1047314
1043582
1044049
1036585
1042182
1060377
1045449
1043583
1038917
1052446
1041716
1038917
1043116
1044049
1395331
1453645
1485833
1374338
1042649
1048714
1043115
1042650
1058511
1078104
1058977
1056178
1053845
1105628
1132219
1066907
1058510
1056644
1054312
1061309
1058044
1063642
1050113
1119624
1140616
1146215
1085568
1060843
1051046
1060843
1058511
1047314
1061309
1055245
1049647
1080903
1055245
1130819
1049647
1119157
1072040
1160676
1059444
1053845
1040783
1053845
1077638
1044515
1053846
1057578
1092566
1043116
1041716
1050580
1044981
1046381
1064575
1034252
1048247
1101896
1075305
4048838
4013384
3967199
4038108
3686826
1065975
1076238
1063176
1065508
1060376
1045449
1044515
1138750
1065974
1066908
1067375
1047781
1042182
1118224
1090700
1066441
1076238
1083235
1073906
1060376
1085101
1085568
1072972
1071573
1061776
1068307
1066441
1075771
1054779
1046382
1084168
1070640
1054312
1082303
1090699
1059910
1049647
1067841
1068774
1049647
1071106
1075772
1051980
1050114
1055245
1062709
1068308
1076704
1065042
1068774
1051980
1069707
1085101
1100496
1067374
1096764
1075772
1064109
1081836
1070640
1076238
1061309
1056644
1069707
1049647
1069706
1073439
1057578
1049181
1072040
1074372
1059443
1110760
1400462
1085101
1074839
1059444
1053846
1072506
1081370
1107961
1069240
1053845
1056645
1074371
1058044
1077637
1074839
1091633
1076704
1071573
1105161
1072040
1081370
1090234
1079037
1071573
1074839
1075771
1066907
1075305
1072039
1070640
1075771
1075771
1106094
1065508
1064109
1103762
1079970
1085568
1065042
1068307
1077637
1135485
1089767
1065508
1072506
1066908
1058510
1078571
1064576
1071107
1066441
1071107
1069707
1056645
1063642
1077171
1178403
1073439
1462975
1504028
1321622
1072039
1065042
1067375
1071573
1080903
1061776
1074838
1077171
1085568
1069240
1069240
1104229
1116358
1070640
1073439
1433584
1206394
1261442
1070173
1072506
1070640
1069707
1069241
1064576
1072505
1088834
1071106
1068774
1068307
1069240
1076238
1067374
1071573
1071107
1070173
1084169
1085102
1078104
1075305
1078571
1081836
1074838
1079037
1082769
1072506
1091633
1066908
1068774
1072506
1153212
1074838
1072973
1091167
1069707
1123356
1076705
1413525
1504027
1479769
1530618
1214325
1085102
1081836
1074372
1078571
1076704
1113092
1080903
1095365
1122422
1075771
1075305
1075305
1086968
1106561
1100963
1109360
1101896
1086501
1089767
1086501
1096765
1088368
1087435
1088834
1084636
1091167
1093499
1100030
1111693
1089300
1085102
1081836
1113092
1093032
1109826
1148081
1103295
1102363
1079503
1088833
1121956
1080436
1092100
1087435
1089300
1088367
1121023
1111692
1092099
1091633
1095832
1093499
1101430
1156011
1217123
1092100
1095832
1116358
1096764
1097697
1096298
1096298
1094432
1096298
1094432
1118224
1132219
1097698
1092566
1100497
1184002
1123355
1128487
1094432
1096764
1092566
1098164
1095365
1097230
1130353
1105162
1099564
1095365
1096764
1125221
1409793
1573071
1533884
1497496
1352878
1079037
1095365
1128487
1105628
1100963
1090233
1082302
1084635
1118224
1112159
1121955
1102362
1089767
1078571
1097697
1099563
1091166
1097231
1106561
1103296
1090234
1098164
1101896
1108427
1100963
1116824
1087434
1094899
1100496
1080903
1086501
1098164
1141549
1102363
1082302
1099563
1105628
1099564
1126154
1103762
1088834
1103762
1120090
1090233
1105628
1102829
1101896
1099563
1104228
1105628
1084169
1250713
1338416
1116825
1114026
1103762
1106561
1103762
1139216
1156011
1121489
1108893
1102829
1103762
1100030
1107027
1105162
1133152
1108894
1100963
1112625
1107961
1104695
1105628
1135485
1099097
1103296
1100030
1093499
1110760
1103762
1108894
1107027
1102363
1104228
1105161
1103295
1109360
