3266
7464
2799
3266
3732
4199
4665
6064
5599
6531
6998
9330
7931
8398
8864
10730
15862
11196
11196
19127
28923
11663
12129
12595
20993
14462
13995
26591
18660
8864
5132
3732
4199
4198
4665
6064
5598
7464
6064
6064
5132
6998
5132
5598
6998
6531
5598
5598
7464
9796
7931
10263
20992
13062
14462
12595
11663
12129
10263
8863
7464
8864
11197
8863
9331
9796
8397
11663
8398
10263
12596
13062
10729
11197
27057
18660
22392
18193
18661
18194
20993
20527
19127
23326
19593
20526
23325
20993
22859
19594
20993
21459
23326
24258
25191
21926
22859
29390
24259
26591
24725
24259
24725
27058
25191
24258
24725
27524
36854
28457
26124
27524
31723
30790
28457
29857
31256
30790
28457
27991
32656
37787
30323
31257
33122
44785
20526
20060
21459
24259
20527
22859
22392
24259
20993
25192
23326
25192
31256
20993
22392
21926
21460
19594
24725
26591
24259
41052
24258
23792
26125
28923
27991
27058
30323
24725
27524
24725
29390
25191
24725
27058
26125
25658
30789
29857
27058
29857
27058
26591
27991
27524
28457
30323
30789
26591
30790
27524
29857
29856
31256
29857
30323
28923
30324
29857
28457
31723
29390
29856
30789
31723
32189
31723
30790
34055
31723
32656
32190
30790
34056
33122
33122
35921
34055
33588
32655
35455
34988
32189
35454
33588
35455
36855
34055
37320
36387
34055
35455
34988
37321
35922
36854
37320
35922
37320
35455
38720
36854
34522
32655
34055
32656
34988
32189
38720
34522
37320
40586
38254
41053
37787
41053
41519
41519
39654
41519
40119
40586
40586
37788
39187
41520
40120
41986
41053
41986
41052
43385
40119
47584
41985
40120
40587
41986
42452
43852
41986
43852
44318
45252
43852
44785
42452
47118
44319
44785
47117
47117
46651
46651
46651
45718
48517
45718
47584
49450
49450
47584
45718
49450
48051
50383
49917
47117
48984
48983
51316
49451
51317
51783
49917
51782
50849
50849
50383
51783
51316
49450
50383
50383
47584
48051
50383
53183
52249
51316
54581
51316
55981
56914
50383
54115
59247
52249
54582
55048
52716
55048
54116
56448
56448
60646
59247
55981
62046
62978
64845
59247
58314
55048
58780
59247
62512
59713
59247
65312
62046
63912
54581
50849
55515
59714
57848
62046
64379
66711
57380
58780
63445
59714
62979
60646
61579
61112
61112
64378
61579
61579
60646
61579
60647
64378
63445
63911
61579
65311
63912
62512
64378
66711
66244
62979
64379
65778
62046
60646
64379
63912
64378
61579
64845
67644
63445
62513
62512
65311
59713
52249
46651
47117
69977
67178
68577
68111
66245
68111
71376
68110
66711
113829
77908
67177
70910
67178
67643
69043
69976
67644
67644
70909
71843
78840
68111
70910
67178
70909
68577
69510
69044
71842
71376
69510
73242
74176
79307
81173
71376
75575
69977
69510
74176
70909
57380
75575
75575
76974
82105
75108
71842
79773
76508
75574
75574
78373
80706
79307
72775
72309
71843
71842
75574
73243
72776
83039
82106
86304
78374
77908
76974
77441
77907
76508
80706
76041
76041
76508
80706
79306
76974
79773
77907
79773
109163
77441
80706
77907
76508
79307
78374
82105
83039
79306
79307
81172
80239
80706
83505
79306
83506
80240
82572
79307
80240
81173
82572
82106
81172
80240
80706
82106
83506
81172
82106
83038
88171
80707
83972
83972
84438
84438
84438
76508
84439
87238
86304
88171
87704
86304
86304
87704
86771
89103
87704
91903
90503
90037
90503
88637
90036
89570
87704
90969
89103
90037
96568
99367
92836
93768
89103
90970
95634
91903
91435
94701
96568
97967
96568
93302
98433
95168
92369
93768
98433
97501
98900
101233
94235
96568
85371
97500
98434
99367
137154
99366
94235
96101
97034
96567
94235
93302
97967
95634
98434
98900
97034
96567
101233
99367
97034
99367
99834
100299
99367
105897
97968
68110
85372
89104
69043
69043
69510
68577
69043
71843
68110
69043
71842
69043
72309
69510
69510
68577
69976
73242
70443
70443
70443
69976
69510
70443
69510
70910
69976
70443
69977
71842
69976
70910
71376
71842
69977
71843
70910
75575
71376
70910
72309
71843
71376
71842
72775
72309
72776
77441
73709
73242
85838
78373
78374
78841
73708
73708
78373
76974
74175
74642
74642
75574
75108
76508
76507
79307
84905
78374
76041
77907
75575
85838
81173
77441
79306
84438
76508
81639
88170
105898
92369
90969
86771
90503
98900
87704
79773
77907
80706
76974
77441
78840
78840
79774
77441
77440
78374
79306
79306
79773
80239
79773
83039
83039
80239
80239
80240
80707
80239
79773
81172
81173
80240
80240
82106
90036
83505
83039
85838
86304
86305
83039
83505
89103
83039
83505
83039
92836
83972
89570
91902
83971
83972
83972
85838
85838
168876
84905
86305
88170
94702
88637
87704
87237
90037
87237
89103
85838
87238
86771
87704
85838
87237
85838
85837
85838
85371
86304
87237
88171
87237
89570
121293
87237
119426
88636
113362
119427
87704
83038
80240
80240
78840
78374
79307
77907
79773
90502
91903
90503
90036
93769
100300
103565
90970
79307
79773
80706
81173
80240
80706
81172
85838
81639
84904
81639
81639
82106
82573
83505
87704
82572
81639
82572
82572
83972
82572
82106
83505
86771
83039
90970
83972
83039
83505
87237
83505
83038
83972
84438
83505
83972
85371
84905
83972
84904
84905
85372
84438
84438
88170
85838
85371
103565
97034
94235
94235
88637
89104
86771
86305
86304
86771
89569
87237
86770
87237
87237
87237
87704
99834
88170
92368
96568
97967
97034
96567
96101
107297
101232
97501
89103
90970
89570
91435
89569
91436
89570
90036
90503
90503
90502
90503
92836
91436
91436
90503
90970
99367
91436
93302
90503
91903
91902
101699
97034
94701
96101
95634
92835
92835
92836
92836
97500
95168
92835
92369
93768
97034
93302
92835
95168
93302
93768
94235
104031
100766
106830
95635
98433
95635
95168
94702
95635
98434
95635
96101
95168
96101
96101
96101
97967
96101
97034
97034
97034
97501
98900
97501
97501
97501
97034
98900
97034
99367
98900
97967
97967
98434
97967
98434
99367
141352
142286
146951
151616
148350
150216
147884
151616
147417
148350
151150
149283
144152
146484
149750
150216
150216
151149
154882
152082
153949
151616
151616
153949
153948
151149
147883
132955
102632
103565
109164
105431
101699
102165
102632
102166
102165
104032
109163
106830
104964
105898
104031
105897
105431
105432
104499
104498
105897
105897
104965
104498
105431
104965
104965
106830
109163
106831
105898
104964
104964
106364
108697
106830
106364
105898
106831
105898
106830
105898
111029
108230
106831
106830
110562
141819
148816
154881
158613
149283
159080
160012
159547
164211
164212
161412
162812
109629
109630
109630
109630
108697
115695
109629
109630
109163
109630
110562
117094
110563
110563
110563
114295
113361
112895
117561
111496
111962
112429
111962
114761
111962
113362
111962
112429
111496
114295
112896
113362
112429
112895
114762
114761
113362
113362
114762
115228
122226
117094
116161
113829
114295
114762
116628
114294
114762
114295
114295
114761
116627
115694
116161
116161
115694
115694
116161
115228
115694
115227
115694
118027
116160
117094
116627
116627
952146
127358
121759
119427
120359
118027
119427
119893
118494
117561
118027
124092
118960
149750
122226
118493
132489
132022
127823
130623
133888
128756
121293
129689
125958
123625
123158
121292
122692
121293
120826
119893
120826
123159
119893
119893
120826
121293
119893
119893
124092
120826
121292
121759
128290
120826
121293
121759
122226
124558
122692
122225
122225
122692
124558
123159
122225
123158
123158
122692
121759
136688
188470
187537
201532
190802
188469
190336
192202
173075
128757
125025
125491
126424
125957
126890
126425
124558
125491
125491
127357
126424
126424
126424
126424
127824
126891
129690
127357
125491
127823
126891
131089
127357
127357
136221
130623
127823
126890
127357
129690
127824
127824
129223
128757
130156
129223
128290
129223
128290
138087
132023
128757
128756
131089
131556
132955
129690
129224
131555
130623
146484
132022
130622
130623
132022
140419
133888
131090
131556
132022
131089
139953
131556
132022
133888
131556
131555
132489
131556
134355
132955
132488
132489
132489
133888
133422
133888
133421
133888
133889
139486
151149
135755
135288
134354
136688
134355
132955
136221
135754
135288
134821
134821
137154
135287
136220
135288
136688
136221
137154
135287
136688
146018
148816
137154
144151
138087
137154
136687
136221
139020
137154
136688
136688
136221
136688
139486
137620
136220
138553
138553
140420
147417
142286
141819
140420
139953
139953
141352
139020
143218
144618
140886
140419
146017
143219
141353
141819
141352
142752
141353
141352
141819
139953
142752
141353
141819
141819
145085
141353
142285
141819
143685
143218
142285
142752
140419
145085
142752
144152
142286
142752
144618
144151
144152
143219
145085
144618
144152
144618
144151
144618
142285
145084
144152
891034
149750
148350
150216
147417
146951
146017
147883
146950
146484
146484
146018
146017
148350
147417
146018
146018
149283
146484
146484
146484
147884
149750
146951
147884
148350
150216
148350
148350
149283
148350
149283
149283
149283
148816
150683
161879
149750
150683
152548
150682
150217
150216
152082
156281
156280
152548
149749
148817
151616
151616
151149
154881
160480
159080
150216
153481
153948
152549
151615
153481
152082
151615
152549
152083
151149
152082
153482
151616
162811
153015
153016
153948
156280
153482
155815
154414
155815
155348
155348
154414
158613
154881
154881
151616
156748
154881
155348
157681
155815
157213
156281
155814
155814
156747
156747
154415
156281
158613
158147
156281
155814
158613
156281
158147
158147
159080
156747
157214
157680
162812
158147
158613
158613
158613
158147
159546
158147
160013
160946
159080
158147
159546
160013
158147
160480
160013
159080
160479
160013
160479
158147
159546
160946
160946
160479
159546
160479
166544
161413
161879
163279
163279
161412
174475
166077
164678
167477
163744
161879
168877
164211
163745
172609
338686
173541
164677
170276
167477
165144
192202
166077
167477
164678
167477
175874
176340
165611
165611
167943
173075
167010
170742
168876
169344
170276
163279
165611
174475
169343
168410
165611
165611
169343
172142
167011
168410
166544
164211
171209
166078
167943
167477
168876
165144
167477
167477
170276
201999
193135
186604
191269
190336
189403
189869
202465
180540
179606
185205
178206
179140
181473
181939
181938
180072
179140
181938
180073
169343
167477
170276
167010
168410
166544
172143
169343
169809
173075
168410
169343
171675
171676
167944
172609
169809
172142
168877
181006
169810
171209
172609
180073
210863
170743
177274
184271
187071
185671
184272
190802
186603
186604
185671
185205
174008
171676
171676
174008
173075
191269
176341
175408
174475
173542
174008
174475
174009
175408
185671
175408
175407
183805
178207
179140
175408
175408
194068
178673
174942
177274
174941
176808
179140
178673
179606
177274
178673
182871
177740
176341
178207
178673
177274
179139
178206
181938
198267
180072
181006
179140
189403
180539
177740
180073
181006
187071
179607
196868
185205
178673
191736
178674
178207
176807
181472
181939
181939
179606
180073
179607
188470
180539
193602
182872
240253
236987
226723
204331
201066
197800
195934
195468
194068
196867
194534
195002
206197
195001
182405
183805
184271
183805
183338
183805
184737
184272
185205
195468
187537
181472
185671
183804
182405
184272
185671
198266
185204
187071
198266
184271
184272
183339
184271
184738
183805
184738
193135
183805
185204
189870
183339
187071
185204
183805
187070
185671
257047
257047
262645
256580
259380
274308
245384
257980
1363608
193601
192202
187071
192668
187070
188004
189403
187537
191269
188469
187071
199199
266844
281305
260779
263111
271508
265910
260779
263112
258913
249116
253315
256580
251448
236987
194069
207597
189870
196867
188003
189403
254715
250515
260779
275241
257047
250049
194534
194534
191736
192202
192202
212729
192668
193135
191736
190802
203864
191269
191736
190336
194534
202465
190336
194068
195934
190336
245385
248650
265911
261245
262645
258447
334021
222525
190802
194068
194535
195468
192202
196400
194068
213661
218326
254714
249116
258446
227657
195467
205265
202932
195001
195934
196401
203865
200599
197334
294367
270576
276174
196400
196867
202932
195934
204798
196400
200599
196400
198267
210396
198733
196867
272908
257513
258913
201999
205265
200132
210862
199666
198267
227657
210396
217861
212262
237453
214128
212729
207130
206197
205731
242585
214594
219260
228124
206197
207130
211329
210395
206664
214128
213195
208530
206664
219726
212262
245384
210396
208064
211796
209929
208530
208530
207597
210396
208996
211329
222992
209463
210862
208997
213195
209930
208063
211329
215994
215061
211329
218793
228590
215994
215527
215061
212729
213661
213662
226723
212262
209929
217860
211796
227191
212728
210863
222991
214128
214128
224857
214595
213195
213662
228589
244451
211329
218794
214594
234188
219726
212728
216927
218793
217860
215994
214128
231388
215527
220659
215528
217393
228590
215528
222992
218794
216927
225791
219259
223458
214595
229522
217860
217860
231856
216927
222525
216927
217394
217860
219260
220193
218793
219260
216927
223459
221125
219726
236054
219726
219727
222525
221126
229056
221592
221126
222525
222059
227657
218793
220659
243051
220659
224391
222525
221592
222992
217394
229523
223458
227191
237454
223458
226257
223925
222525
220659
225324
222526
237453
229523
231855
221126
234654
222991
227657
232788
220659
228589
222991
229523
287370
227190
224858
226257
222992
222525
232788
252381
230456
225790
223924
225324
225324
224392
226724
227190
224858
225324
224858
232788
240719
246318
238387
249116
242119
236054
222991
229523
236521
227657
226724
231855
227657
228589
230922
228590
242585
228590
233722
226724
230923
228124
228589
243984
226258
230922
240252
241185
276640
243518
237454
235587
248183
238853
265444
257980
243051
237454
243518
241652
241186
239786
245384
241185
242119
242585
246783
236987
265444
242585
237454
235121
242585
231389
242585
232788
242585
237453
240253
237919
300432
234188
234188
236987
234188
238387
234654
313029
280839
279440
235121
238853
235587
240252
235588
250049
236987
245850
235587
237920
236520
235587
237920
235588
239319
238386
268243
235588
256581
241186
241652
239320
243518
237920
241652
239320
237920
239319
236987
238853
239786
240719
239320
242118
238853
240719
241652
241652
238386
241186
241186
240719
242585
242585
242119
243052
240719
240719
243051
240252
260313
243518
243984
242585
245850
243052
243985
244917
249116
248650
229056
226257
227190
247717
226723
226257
229523
227190
227191
228590
226724
274774
229989
254714
228590
229056
228123
228123
244451
228124
228590
245851
228590
246317
229056
229989
257513
260313
279440
261245
259379
259379
262645
261712
261245
766475
249583
230456
232788
249583
231389
250516
232322
231856
231389
231855
234188
231389
231389
234654
231855
233255
234188
233254
233255
235588
252381
233721
233721
233255
234188
252848
233721
235121
234655
236521
236054
233255
235588
237453
234654
266843
235587
234655
234654
234188
253315
236520
235121
243985
240719
238387
235121
260313
236987
236987
243518
236054
254714
236054
236987
237920
236987
237453
238853
236987
237453
237920
256114
237453
236520
237453
238853
246784
239786
242585
238387
238387
241185
238853
239319
238386
248650
241186
240252
247717
241186
257513
239786
237920
240719
240719
258446
239786
240719
240719
239786
266377
257047
258912
257513
266377
259846
239786
264044
242119
263111
241652
239786
242118
243518
243052
241185
243518
259846
258912
264045
258913
267777
259846
261246
278040
261712
259846
261246
260312
260779
261246
259846
271042
405397
375073
370875
365278
244451
245385
245851
268243
274775
267310
253315
245851
822456
267777
286903
263578
263112
269642
263112
264978
264511
263111
265911
264511
264978
265444
266844
265911
265910
265444
267777
264511
251916
250049
249582
269643
248184
267776
250982
250516
251449
249116
251448
249583
250982
250516
249583
250982
251449
250982
251915
250515
251449
261245
262645
260779
278506
270576
273375
269176
271975
271508
271975
271042
273375
284571
257514
253781
253781
273841
271509
275241
273375
271509
272442
272909
280839
254714
279906
257047
268243
269176
255647
257047
257047
267777
257980
285504
255647
267776
256580
256581
256581
255181
278040
274775
293901
279906
296700
282238
284104
276640
276174
279439
279906
276174
283638
276640
276640
278506
278507
278973
276174
278973
278040
277107
280839
276641
278506
277573
278972
279906
279439
278040
279439
268709
263112
260779
259379
262645
261712
280839
261712
262645
262178
261245
313961
262178
825256
280838
280839
280372
279439
280839
281306
283172
261712
303231
262178
262178
264511
263578
263578
264045
282705
264045
281772
266377
282238
262645
263111
264045
283638
263578
266843
283638
265444
283638
264978
276640
264045
265444
264511
263112
266377
266377
286437
285970
269176
264511
266377
267310
283638
266377
266844
265911
285504
266377
267310
282238
267777
266377
266377
276173
266844
286437
267776
271042
269176
276640
267777
267310
268710
268243
278973
267777
295767
268709
310229
290169
335420
291569
364344
290169
294834
316760
292502
289236
295767
278039
275240
276173
273374
272442
270109
279906
277574
283638
272908
275241
271975
283171
280373
293901
280839
283171
284571
299499
279906
313495
278973
292501
270576
271975
273841
271975
271975
272442
276640
271509
272908
272442
274308
273375
272909
282705
276641
287370
274308
279439
275707
276173
276640
276640
277107
274308
279906
275241
304631
285504
286904
276174
277573
278040
276174
302765
276640
280838
276640
281305
288303
286903
277574
282238
277573
281306
278506
277573
282238
277573
283171
278040
281306
279439
308830
279439
281772
280839
278506
281306
278973
280372
280373
277574
279439
282705
279905
283171
282705
282239
286437
282705
287836
284104
288303
284571
285504
283171
285971
282238
282239
283172
282239
284571
283172
284571
284570
284571
285037
283171
337753
285504
352681
289236
290170
284571
295767
284571
293901
285970
291568
285037
288303
287370
286437
285971
285037
309296
285504
286903
285970
288303
287837
285504
285504
285504
285970
287837
287836
289236
287836
294835
290169
774872
333088
299966
308363
291569
289703
288770
288303
295768
288769
288303
288770
288303
290635
290169
290636
287837
289236
288770
289236
290169
289702
289702
290169
292501
293434
292502
291569
291102
291569
291568
291569
295767
291568
292035
292035
313495
292968
300432
292036
292035
291568
293435
292035
294834
292968
293901
293434
299500
292968
337753
327489
330289
305564
306964
328423
320026
307430
337287
308363
299033
295767
297166
295301
296700
295300
296234
303698
303698
302298
304164
302764
294368
296700
295300
294834
391401
409595
414260
436187
437120
440385
417993
310229
304631
307896
296234
300432
297633
314427
407729
299966
304631
335420
305098
323291
289236
330756
298100
297633
300899
301832
844849
310696
332155
299499
302765
309762
301365
300899
301365
300899
311162
298566
301831
302298
302299
306030
312561
313494
303231
306497
314894
304630
300432
305564
301365
306963
301832
328423
301365
301365
305097
301832
301365
304631
301831
304164
302765
304631
302298
304164
303231
308830
302765
309296
304165
309296
302765
307896
303232
308363
304164
327024
305097
307897
302765
307430
305097
306497
305097
307430
306031
308363
305097
310695
305097
320958
311162
309762
313961
310696
313961
309763
313028
307896
313028
308829
365744
317227
318160
316294
321425
318160
318626
317693
332622
318626
322825
319092
318159
319092
322825
320493
318159
329356
317227
327956
776272
321892
336353
314428
313961
312561
312562
316293
313028
313494
311629
336820
313961
320958
312562
314427
311628
314428
314894
313961
313028
314427
313961
313961
315360
313961
316294
315360
319093
312561
316760
314894
319092
314894
316294
315361
318626
316760
317227
317226
317227
316760
320492
317693
316760
317227
317693
316760
319559
317693
331688
322358
318627
320026
319092
363878
331222
328889
327957
327490
321426
320493
321892
321425
324225
322825
322358
321426
349882
331688
328890
330289
320492
372275
331221
323758
323757
343817
329822
333554
330756
331688
324224
331222
334487
337753
340552
333088
366677
339620
334488
890100
355481
396067
350349
328889
327490
325624
324224
328423
341485
325158
325157
325157
326090
329823
323291
325624
323758
326091
324690
328423
326557
327024
325624
327956
326090
367143
327490
337286
327490
325623
326557
334488
427790
446450
461845
511294
449715
414727
437120
473041
457646
436653
466043
447850
501965
350349
340086
469309
461379
364811
328889
333088
328890
329356
328889
327490
329356
329356
332622
330288
335887
328889
332621
331222
332155
349883
334954
328889
330755
333088
333088
337287
331688
332621
331689
334487
330289
331689
330289
332155
328890
331222
350349
331688
336353
334021
834586
404931
350349
336353
352215
341951
334488
334954
333555
333555
334487
333554
333554
333555
332155
340552
339153
344284
353614
339619
336820
334487
341019
332155
361079
334954
336353
334487
332155
335421
335420
335420
334954
337287
336820
339619
335887
338686
336820
349882
340085
336820
375540
345684
353614
341952
369475
341952
338686
356413
342418
341019
339620
338686
338687
338220
337753
340552
342418
338686
341952
337753
354081
346617
341019
341952
341485
345217
360612
366210
347550
342885
343351
343351
342884
343351
343351
343818
348016
341951
345217
346150
904562
346150
349415
344285
343351
345217
342885
346617
467909
474441
468376
390002
345217
370875
351748
401199
347083
345217
347083
345684
347549
347549
350349
347083
345684
347549
347083
348482
363878
357813
344751
349416
348017
347083
351282
350815
366677
350816
350349
348016
349883
351748
348016
351281
348949
353614
350816
348949
350815
348483
376473
351749
353615
353148
363877
349416
351748
353615
352682
353615
351748
358746
351748
352214
355481
351748
356414
351748
351748
354081
370408
355947
353148
356880
353148
354081
355014
352215
839251
372742
363878
386270
355480
365744
362945
355014
363878
355480
363411
355481
434787
485637
440852
357347
355480
357813
357347
389069
378806
357347
355947
356413
359679
355947
358280
356414
355947
358746
356880
369943
358746
362012
357346
357813
359679
356880
362011
358746
358279
358280
359679
360612
358746
361545
357813
359679
362011
358745
363411
357813
371342
359213
372742
366677
362012
365278
362944
362478
362944
361546
362945
361079
362944
364344
362944
363412
372275
362945
371808
362478
362478
385803
362479
376474
363411
376473
369942
365744
364344
369009
364811
366210
364811
364811
373674
364811
367143
363411
364810
376940
365743
369009
365744
365743
367610
363411
379739
366677
365278
374140
371808
375540
366210
376940
372275
369942
369942
367143
369476
386737
363877
387669
366210
365743
369009
370875
371342
370409
385337
368543
366677
378339
365277
368076
384404
366210
366677
372741
367143
369942
369010
369009
371342
371341
371342
370876
370876
396534
369943
373208
370875
385337
375074
372275
374607
371808
369476
371342
372741
870974
383471
382072
373675
385804
408662
375540
375540
374607
375074
373674
372275
373208
376473
374607
373208
375540
373675
384404
383004
373207
381605
377873
377407
384404
377873
390935
376473
377873
374607
376939
378339
380206
375074
388136
378806
377406
409595
377873
386737
381605
385803
380205
380672
388136
390468
380672
378339
386737
379738
412394
387670
382538
382071
380206
379739
383005
380205
383005
380206
380205
383471
379272
380206
382072
381605
445517
403997
393268
398865
386270
384404
392801
383938
386270
384404
388603
397466
384871
385804
392802
383938
394668
385337
504297
424057
386271
383937
388136
386270
384870
386270
387203
386737
385337
387669
395600
386736
396066
383938
383938
396999
384871
385803
400732
387670
391868
387670
387204
391868
388603
392335
389069
389070
387670
387203
401199
406330
594800
530421
549549
576139
576140
529022
508962
391869
392802
390935
389536
412861
388136
413794
412861
400732
405863
400266
394667
399332
414261
408196
401198
394667
390468
390935
390002
392802
390002
397000
392801
390469
389069
391869
396534
391868
392802
396067
395600
394667
396999
397000
405397
403065
401664
393735
393734
391868
392801
392802
393267
394200
393735
393267
401665
395133
392335
426390
392335
396067
401665
394201
399333
394667
392802
400731
396067
392801
396067
393267
396067
397000
397466
397000
395134
400265
414727
404464
445517
409596
406797
423591
401199
417526
401198
399799
420326
395600
396533
397933
396066
403531
402598
397467
396533
403065
416127
401664
399332
404464
397000
412395
396533
399332
402131
396533
401198
402598
397933
397933
399799
398866
396534
401199
397933
402131
398399
396533
400732
399333
401198
404464
400265
399332
402598
400265
400732
403997
402132
402132
404930
403998
406796
401665
402598
414260
402598
403064
406330
404464
403531
407730
404931
403997
405864
405863
412861
405397
405863
431521
407730
404930
421724
405397
405397
410062
406330
405397
407729
405864
404931
410062
406797
407729
882636
416127
410528
410063
417526
412394
407729
410063
413328
407729
409129
414727
411929
413327
408196
410996
432921
412861
413327
434321
410529
409129
420792
410995
410529
412861
410995
540685
521558
442718
412394
411462
414727
417993
410062
414727
411928
411928
414727
412395
432921
420325
416127
417526
417527
415194
417059
416127
434320
414727
415194
415660
414727
419393
417526
415660
417059
415661
415193
419859
415660
415661
428256
422191
587802
576606
579405
1057111
425924
421258
427323
418459
415194
435720
417526
417060
419392
417993
417526
419859
418926
419392
421258
420325
417993
437119
420792
417527
419392
418926
419392
421725
419393
418926
422657
439452
423124
424057
425924
418926
421725
424523
421258
423591
424057
421258
421725
420325
418460
421725
427323
419859
419858
424524
418459
420326
445983
420326
422192
427789
421258
421258
422191
419392
420326
420792
422191
420325
473041
442251
483304
550015
531821
996931
439452
442717
435720
643317
635852
606463
628389
631187
616259
427790
438053
434320
434321
434320
433387
434321
434787
437586
600864
634453
592934
607862
617658
628389
624657
610661
559345
446916
439918
437119
428256
430122
427789
424524
429656
453914
435720
468842
443184
438519
425923
428256
428256
427790
427322
429655
425923
428722
429189
426856
426390
428255
426857
426857
428256
429656
432455
495433
433854
426390
430122
452048
428256
426856
928355
435253
430588
444117
452515
449716
471641
586869
440385
455313
428722
430122
431521
430589
431055
434787
434321
428722
441319
441784
431522
432454
441318
443651
432921
436653
431522
432455
459512
434321
431988
432921
434320
433387
434788
434788
438986
434321
443184
458113
430122
436186
448783
448315
436653
439919
443184
436653
436186
438052
436653
436187
439452
438985
438053
439918
439919
434787
438519
440852
438519
436653
439919
447383
1152279
447850
439919
439919
441318
441318
438986
440852
444583
440385
440852
445983
440851
445517
649848
451582
608329
477239
453914
444118
456713
441785
444584
455780
442717
442718
442251
449249
443185
441785
444583
447383
445983
447849
449249
445517
447382
445517
446917
444583
452048
449715
445517
445516
446450
445050
446916
450649
462311
447383
450648
469775
448316
446917
445517
446917
449249
449715
451582
448316
446450
449716
456713
1001597
472108
452515
449249
471641
455313
448316
447849
451581
450182
449249
451115
450182
449715
450182
455780
450182
448783
460912
455780
450649
449716
453448
453914
449715
451115
454847
453914
452047
452981
456246
452981
451582
455314
452981
476306
466044
470708
471641
463711
447383
454381
452047
448783
447383
454847
453447
448783
448316
449716
447850
450182
453914
450648
446916
449716
478639
454380
448783
448316
463244
454847
941883
452048
449715
448783
450649
456247
449248
448782
455313
456247
449716
454380
476306
466976
452048
450182
455780
448782
449249
453914
453448
452514
451115
641451
607862
657312
26495887
682504
605063
628389
587336
649848
658712
627922
621391
643784
641451
626989
640984
597599
619525
617658
626523
640518
633987
651248
630255
642850
492168
455780
627922
466509
471642
483770
459979
461845
462312
464644
460911
467443
463244
1082770
481905
501498
467909
463244
462778
467443
461378
460912
461845
460912
458112
460446
467443
462311
466510
483771
466976
466509
465577
463244
466043
468375
466510
464644
484238
468843
465110
467443
494967
467909
466043
467443
468376
469309
467910
467443
468376
469775
468842
467443
467910
468843
470709
469775
470708
468842
469776
474907
471175
473508
493101
470708
472108
470242
472108
469309
473041
469309
470242
475840
472108
475374
474440
473041
473974
473041
472108
472574
495899
473041
472574
470708
473507
472575
473041
471641
473507
473974
476773
474440
476773
474440
480038
476306
474441
474441
476306
476307
475840
476306
481438
477240
474907
475840
488436
507562
711427
581271
484237
497299
478173
478639
476773
476773
482371
476772
481438
480038
482837
479572
480038
480505
479572
480505
480038
479572
479105
504763
502431
1209659
496833
498232
482838
481438
481438
484703
487036
481905
483770
482838
484704
482837
483770
491235
489368
482371
483770
481905
484704
484703
498698
483304
488436
484237
484704
483304
483771
483771
484237
485636
487036
488902
487036
486103
488435
491234
561211
502898
486103
487969
496833
490302
487037
483771
486569
489368
504297
488436
505230
495900
491234
489836
488436
488436
490301
495900
486569
958677
519225
492168
489369
486103
488435
511761
488436
490301
490769
491235
487969
489835
488435
486569
488436
492168
487969
487969
488902
494033
492168
491701
488436
489835
490769
490768
489835
490768
492167
492168
491701
490768
494966
493101
491701
489835
491235
492167
489835
494034
492634
491235
492168
489836
494033
513628
495899
498233
500098
491701
508962
504297
516893
506630
512228
495900
1024456
503364
503830
495433
495900
493568
496833
496366
494034
494966
493101
492634
499632
495900
486569
494034
493567
498232
501032
494967
495433
495900
501031
494967
495434
496833
644717
701164
695099
502431
499632
499165
493101
496833
500098
497766
496366
497766
502897
515027
501498
496367
498232
511761
512228
500565
493567
499632
498699
501964
500565
498699
499632
509429
502431
501032
496833
501498
498699
499165
500098
524357
502897
500565
501032
499165
501964
502431
499632
501498
501964
505230
504763
533688
505696
508029
506163
507096
504764
501498
501964
505230
522957
506163
502897
502898
506630
534620
635853
572408
508962
504764
505696
505696
504764
503364
504764
506629
527623
508029
508495
506163
506630
508029
506163
513161
510362
508962
511761
508963
517360
509428
1099097
512694
509895
509895
509429
532754
620925
703497
516426
512227
522958
514561
516426
529022
529022
510362
510361
510362
510829
513160
513161
510829
513627
527622
514094
515493
512694
511295
517826
513160
511294
512694
522025
515493
524357
515493
512694
517826
510828
513161
514560
514093
512694
513161
544883
531354
526223
524357
517359
786536
778604
529023
520624
517826
528089
517359
514561
543484
518293
515027
513161
514094
520159
516427
516427
515493
515026
536953
520158
519225
516893
519226
527156
517360
520625
519692
518292
518292
516893
522025
520158
519692
517826
525290
539285
520625
520158
518292
522491
538819
522491
522025
519692
517359
517359
517826
551414
555613
528555
521558
521558
521558
523424
521558
520625
521092
525756
519692
1150413
523890
520625
519692
522491
521091
522491
521558
518759
531821
524357
522958
519691
519225
519692
521558
520625
538352
532754
529022
782337
523891
522958
539752
524357
522491
522957
522024
522957
532288
529488
524823
522024
525757
523890
524356
523424
522957
523891
524357
522958
523891
525290
527156
522491
522958
523424
529955
539286
526689
525757
523890
522957
526223
523891
525289
529488
527156
540218
528089
525290
538819
535087
542085
536952
542551
524357
526223
525290
523423
525756
533221
526223
525756
524357
526690
529022
538352
526689
527622
528089
604597
539285
543017
749681
548149
548615
527156
529489
530888
526223
552347
537886
544417
531822
531821
532287
536952
532754
531354
533687
531355
530888
539751
538819
535086
982003
533687
535553
532754
531821
534620
536953
532288
533221
532755
532287
534153
533221
534153
533221
534153
547682
536486
534153
546283
566343
553747
540218
536486
535553
533687
536486
540685
571008
553280
546749
534620
559345
538818
538819
544417
550481
537885
536953
537886
538352
541618
540684
538353
539285
545350
538353
542084
542084
541151
553281
540685
1033319
543017
543950
540685
548615
539752
544417
542085
544416
561678
561211
541152
540218
543017
557013
547216
543017
543951
543018
540218
546750
544883
554680
557479
544417
543484
542084
550015
546283
544417
557479
543483
546283
546283
740350
761344
754346
550015
772073
752946
769741
765542
815925
814526
633053
550948
557946
549082
548615
548149
545350
1033785
569142
551415
546749
548149
546283
545350
555613
549548
547683
545816
547216
548149
547216
571008
547216
572407
548615
548616
548616
545816
548615
548616
563078
564010
558878
570541
548615
548615
549082
554680
558878
549549
555613
550014
551414
550015
549082
549082
565410
566343
550948
556080
552347
551881
549549
555147
561211
551881
551881
566342
564944
566809
614394
573340
560278
562611
543017
543484
544417
543484
560745
590601
570541
625123
565876
543484
543484
545817
546749
545349
543950
544416
560278
566343
553747
570075
764143
801930
697432
594333
565877
571475
564944
564943
564944
544884
545817
545350
546750
568209
567742
563077
567276
572407
547216
546283
743617
778605
768341
1218057
560745
550015
548615
554680
557013
564477
566810
567743
568675
567276
548616
550482
550015
571008
546283
566343
583138
568676
568209
570541
566343
550948
548149
550948
550015
566810
631654
568209
570075
571008
572874
710028
571941
563543
549082
553280
553281
550015
570075
566343
604130
572874
633054
780471
784203
768808
787935
793066
782337
812660
814526
831320
809394
790267
772541
657312
634454
577539
571941
573807
572874
579405
607862
585003
578006
602264
577073
557013
558879
556080
555147
558412
602730
567743
584537
582671
567743
571008
567276
568209
568675
565410
597599
581272
628856
763210
584537
579405
578938
587802
578006
579405
598066
580338
580339
580805
576606
578472
579405
578006
578939
580338
577539
583604
744083
773007
764143
865842
836452
843450
828987
835052
842983
840651
633054
585003
583604
581271
582204
582204
587335
834120
717958
942816
868175
705829
885436
876105
865375
952613
817791
736619
728689
734753
739418
628855
629788
630254
615326
588269
589202
585469
585470
581737
590135
582204
583604
583137
584537
583604
603664
582205
578938
616726
579405
577539
577539
581271
574740
576606
579405
587335
592934
584070
589668
681571
729621
598066
804729
820591
658245
656379
650781
596199
676906
645650
623724
651248
691834
662444
814060
645649
612060
632587
632587
917625
821057
590601
624657
760411
595733
607396
585003
585469
582671
596199
594333
592933
591535
597599
637252
808928
858845
858378
814059
722157
614859
601331
884969
704896
734286
1224588
1043583
950747
885902
871440
801930
833187
747348
866775
917158
824322
952146
1141550
1626720
654513
930687
847182
845315
850447
861644
875639
851847
856512
737552
599465
604130
852313
853713
633053
847182
844383
870508
807529
621391
617659
602731
606462
595267
596666
598998
595733
597132
597599
603197
620458
605064
597132
597133
608329
844383
816392
605997
604131
603197
596199
620458
595267
907828
838318
855113
855112
850447
925556
918091
779538
645183
605530
600865
597133
601331
600398
858845
858845
871907
905962
819191
661977
647049
646583
647982
651248
653581
651247
647515
647515
658712
654513
631654
638185
618125
613460
657779
618592
953079
947948
896632
874239
654047
636320
1242782
661511
648448
643783
641917
643317
640051
620925
600398
617192
618126
617659
601798
626989
617192
638652
616260
617659
614394
614393
612061
609262
599931
594800
598066
602264
598999
598532
600398
617192
622791
616726
666176
640984
642851
633520
642850
646582
643783
630721
650315
619058
646582
644716
647049
644716
644717
647516
647515
649381
646116
647049
647982
647516
648915
666176
653580
651248
650781
657779
697432
658246
651247
651714
648448
663843
640517
676906
647982
649381
720758
889634
680638
664776
666642
668042
673174
648915
629788
626056
649381
626523
625123
627922
654514
652181
653581
657778
723557
673174
654979
670841
654047
661978
687635
675973
652180
654980
656379
632120
629322
628388
631654
632121
643317
624657
620458
621391
622324
619992
632587
629321
628388
630721
636786
669908
661044
656379
657312
659645
648915
661977
659644
663843
657312
657312
659178
658245
657313
636786
656846
633520
633987
635387
674573
654513
665709
694166
658246
662910
661511
673640
628389
626989
735220
685770
659644
673173
673640
669908
673174
677839
674573
676439
670841
672707
670841
671774
671774
675506
670841
1340283
932553
945148
936285
688102
731954
710028
689968
676905
682504
675973
679705
638185
639118
640984
641918
634454
641451
640984
687636
667109
667109
675506
676439
642850
667109
669908
674106
659178
666175
666176
665243
671308
674106
655446
640984
643317
638652
664777
663376
663843
670841
661977
668508
681104
655446
682037
693700
668508
673640
672240
675040
674573
731487
675039
669908
669442
681104
666176
669441
671308
675039
669441
669441
671308
672707
671308
671774
675972
672240
669908
672707
668508
669441
675973
670374
687635
676906
671774
694633
674573
672240
670841
673640
697899
663843
668042
662910
666176
674107
675972
676439
680171
674573
676439
677373
716559
688102
640518
638185
639585
897098
663377
638652
634453
633521
629788
639585
645650
632120
636319
729155
646582
644250
645650
638185
644250
775806
657313
645650
643783
647515
652647
644250
659645
646116
651248
648915
642384
647515
647515
643783
647982
655446
650315
642384
643784
699765
670841
668508
638652
694633
681571
665243
634453
636319
639119
635853
728222
852779
810327
634920
634454
634920
633987
634453
635387
636320
633987
631187
634453
636319
633987
633053
641451
678305
637719
644250
654513
658245
641917
640052
640984
640518
656379
654980
664776
637719
636786
657312
653113
668509
672240
667576
662444
644717
641451
639119
648449
786069
884969
920890
959610
950280
812193
653113
640518
640051
649848
645183
641451
642850
643784
641451
642384
643784
650781
642851
644717
645183
643317
672707
654980
641451
641918
647982
650315
658712
642851
660578
660111
645650
643784
642850
639585
642851
648915
642384
640984
640051
641451
643317
639584
644250
640984
640518
640984
655446
654046
657313
650781
645650
662910
670841
668508
660111
661044
660112
670375
662910
666176
671308
648448
654047
648449
648915
653580
646582
643783
648915
649382
648449
646583
651248
647516
647982
647516
651714
651714
648449
646583
649848
649381
647049
643317
645649
648915
665243
660111
666643
667576
651714
652180
652647
1095364
669441
663377
647982
649381
653580
651247
641918
648915
644716
650781
646583
646116
660577
667576
650314
668042
671308
669441
671307
655913
656846
654513
670841
673640
681105
657779
655912
660577
676906
652181
652647
652180
650315
650315
649381
649848
650781
654046
649381
651247
651715
664310
670841
651714
655913
653580
656846
675973
672707
678771
659645
705363
675972
663844
659645
661511
663844
657779
659645
670841
696033
785602
949814
866308
1103762
676905
659645
658246
661978
662444
670374
672707
680638
664777
661045
663844
663377
662910
661044
665243
665709
663843
677839
662444
664310
661044
662444
669441
655913
659645
680171
663377
662444
662911
665243
669908
732886
681571
660577
662443
654513
725422
657779
661044
664310
654513
652180
656379
655912
654046
869107
1046848
920890
937218
942350
950280
825256
664309
826655
663377
707696
655446
655446
655912
658712
656379
658245
654046
682971
661045
660578
662444
656845
657312
655913
654514
656845
656379
660578
658712
658245
760410
673640
702563
667576
673173
664777
658246
667108
675973
658245
658712
658711
657779
657778
660112
668508
663376
661511
660578
661978
662911
1789998
891966
666176
663377
661511
658711
661045
662911
665243
665709
667109
663377
661977
666176
678305
669908
687168
670841
661978
660112
666176
664310
662443
661977
665709
684836
671308
666642
668042
664776
664777
665243
671774
667576
672241
670841
669908
667575
666642
861643
890567
920424
895232
677372
670374
673174
685769
708629
701164
680638
682504
681104
685303
680637
684370
676906
677373
668508
675972
687636
681570
680172
682970
696499
681104
681571
683437
684369
679704
681571
679704
695100
707695
682037
690901
683437
694633
693700
688102
682037
681104
684370
682971
681105
692767
682037
680171
673640
1274505
980603
690901
684370
687169
689502
687169
685769
685769
682971
706296
724956
695100
680638
680171
693233
679704
696032
682037
681570
680171
699765
696033
681570
678772
678305
682504
679705
682038
727289
734753
683903
697432
703497
685302
682037
682504
680638
681104
682970
685302
684837
706296
716092
703030
729621
694167
691367
685769
681104
686236
708629
698831
694166
714227
691834
690901
692767
702097
718892
696965
694166
690435
691833
690900
700698
690434
691368
696966
705829
719825
692767
695100
693234
695566
701165
688568
689035
703496
706296
784670
724024
697432
695100
700698
700231
692767
695566
705363
703497
705830
799598
709095
706296
769275
695566
709095
726355
707229
700231
699765
699298
696966
735219
689501
690901
707229
710961
720758
695099
696032
696499
693233
692301
719824
697899
708161
721224
699298
724023
727288
731953
697898
696500
684836
696033
697899
698365
711894
699765
701631
701631
698831
689502
694167
696966
713293
713759
712360
728688
704430
705829
694166
746416
710028
704430
723557
703964
725422
712360
706296
699764
698365
696032
708161
715626
703963
703496
703964
707695
705363
712361
701164
697433
708628
716092
723090
703964
713760
713294
708161
1299230
710961
726822
705363
705363
698365
697432
717959
715159
753880
719358
710495
706763
699765
708628
714693
722157
730554
716559
746415
719824
701164
707695
706762
710960
720757
718892
738485
710028
739418
724956
706296
708628
710494
714693
759944
783736
761344
759478
1020724
974539
712360
710494
709561
721224
705830
719358
702097
703963
705829
713760
719358
707229
723090
706296
738019
723090
720291
718425
714226
728689
728688
703963
724023
721690
754813
713760
712827
709561
703963
705363
712360
710028
711894
741284
714692
711894
710028
707228
707695
713293
736152
716093
732887
717958
743150
717492
712827
715159
729621
727755
718425
717492
717959
713293
710495
710961
727288
729621
724023
717026
714693
722624
708161
710961
761811
737086
1010926
724490
730554
727756
712827
711427
709562
732887
714226
729155
732420
726356
715160
718892
705363
737552
730087
712827
715159
730554
792134
724956
721224
747349
719358
748748
748748
729155
709562
716092
738018
716559
753880
723557
731487
714226
718425
718425
751547
738951
717026
740818
741751
729621
1003462
730554
725423
724023
732887
734286
736153
740818
1191932
724489
723557
722157
729154
722624
722623
722623
723556
733820
749681
745949
727755
725889
724956
730088
735686
736152
759478
726355
724489
722157
742217
740351
760878
742217
747349
720291
722624
738951
724490
738485
765543
731021
730088
726822
738485
738018
743150
764143
731487
731954
725422
738951
739418
742217
766942
732887
731954
727756
1351478
733353
731954
733354
734287
731954
751547
735686
733820
734286
732887
738018
743617
752480
760877
743150
730087
727755
745949
745016
752946
735686
738485
727755
729155
748748
752013
770207
852313
750148
870507
745949
759945
737552
734753
729621
745949
760411
737552
737551
731487
731021
746416
747349
751547
742217
739885
752947
739418
1243248
739418
737552
740351
758079
755745
742217
740351
738952
743150
750614
751081
760411
740818
741751
732887
751081
751080
751081
780004
742217
744083
749681
753880
754813
852313
742683
745016
743616
743150
747815
764610
740351
743616
750148
751548
758078
746882
745949
740351
754813
755746
768342
783737
743150
747349
751080
752947
745016
744083
747348
747815
752014
795865
739418
790734
761811
762744
734286
731954
734286
737552
739418
957278
1010460
988067
1020723
1028654
1058044
749681
735686
735686
749215
743616
734286
738952
735685
737552
733353
734286
736619
764610
748281
793533
780004
737552
742217
743151
735686
738952
737552
752013
752013
739885
749681
738485
741284
736619
738485
735686
746882
743150
745949
738485
826656
739418
738485
739418
738018
739418
743150
755746
738952
741284
736153
737551
738951
741284
739418
750614
738485
741284
742217
745483
763676
743150
883570
742217
750614
742683
762743
743617
741284
745016
740817
740351
740817
743617
741751
750615
750614
761810
769741
745483
746416
743150
758078
750614
745949
746415
744549
1007194
1217591
1023988
915292
1075305
1113559
1119624
784669
776272
766943
767875
755279
812660
765543
826655
803796
775339
773473
775339
794466
762743
763210
760411
773473
758078
753880
759945
778605
774406
758079
758545
1214325
777671
760410
780471
777672
777672
764609
759011
790267
769741
768342
761344
762277
762277
762277
763210
766942
761344
778605
779538
801930
761344
764143
760878
761810
781870
768808
760411
780470
763210
764609
760877
758078
782337
788402
781404
788401
773007
770208
778605
779538
783270
779538
1323022
800997
781871
776273
773940
780471
781870
779071
781870
764609
766009
787935
878438
1066908
778605
774407
770208
764143
779072
784203
794466
775806
773473
787468
775805
772540
772540
792133
776272
773473
777672
767408
796798
776739
775340
765542
767875
788868
784203
788402
773473
1286167
778605
786535
797265
787002
777205
763209
770207
786069
810794
787002
771140
790268
803329
796799
812193
773007
788868
781871
784202
790734
800064
781404
781404
779538
780938
786069
789801
790267
770674
801463
781403
784203
767408
770208
775339
773940
800064
769741
791667
806129
796799
816858
783737
769275
792600
802863
787002
783737
774406
789801
790734
788401
766475
795866
798664
797732
776739
786535
798664
786069
988534
804262
783270
799131
776272
792600
792600
786535
788868
775339
780937
796798
800998
777672
802863
787002
787002
785602
778604
802397
810328
789801
800064
785603
787935
788868
787002
786069
775339
796798
797266
793533
776273
1098630
1106094
1096765
794466
790268
807528
792600
786069
791667
814060
791200
794933
789335
790734
780938
810328
777206
801930
800064
782337
782804
783270
809394
802397
1337484
808927
793533
792134
815925
801463
784203
782804
800531
800064
800065
776272
796799
792133
793533
776272
794466
795399
790267
777672
801464
796332
795399
791201
882170
801930
778604
796332
793066
795399
1066441
1086968
799597
799131
806128
779071
795399
1302961
794933
849980
804729
782803
804263
802864
798198
780471
800997
799598
810327
783270
801464
797731
800065
784203
1067841
1092099
1113559
1166741
1223655
802397
800997
780471
1003462
799132
781404
802863
802396
800997
782337
798198
800531
803796
785602
1295965
785603
812194
802397
842516
801463
812660
805196
856045
836919
926022
785136
810794
806595
823389
802863
804730
803330
784670
806129
814526
807062
793066
805662
807062
805662
802864
808461
844383
788868
811260
813593
804263
787002
817791
1322089
813126
805196
805662
808462
810794
807529
1064575
1105628
807062
807995
806595
785602
807995
810794
804263
792600
828988
808461
810328
788402
814060
964742
1117757
1148080
828988
856512
872374
808461
811727
807529
1002530
809861
802864
811727
1312759
810794
810327
809861
790268
823390
821990
804729
811261
815459
819657
800997
817325
817325
843916
822457
814059
817325
800998
807529
817791
816392
832253
811260
815459
816858
799598
820124
846715
801930
827588
838318
834120
803330
1279170
802397
819191
818258
802397
811260
818258
821990
796799
818258
824323
822923
805662
820124
824789
849515
813126
836452
816858
821057
830854
837385
807995
813126
842517
841117
823390
818258
813593
818259
1016524
1004862
877971
877038
818724
1266574
811261
814526
825723
827122
807062
823390
821990
823857
805663
826189
822924
812660
826655
826655
824789
836452
817792
822457
810327
821524
827122
824789
840184
824790
822924
822923
826188
840184
819191
830387
814993
818725
827589
1436850
823389
818725
828055
1005329
928821
839718
812660
846249
866775
820125
819658
823856
808928
807528
825722
812660
847181
810794
816392
819658
817325
823857
843916
823389
821990
834586
827122
857444
824323
827122
829921
824789
850447
1371538
812660
831787
840650
824322
821990
838785
836452
831786
832720
810794
825256
828988
825722
812660
835519
835052
840650
824323
826189
824323
838318
818724
833653
815925
842983
820591
818724
841117
852313
838784
815926
834119
817325
1479769
848114
828988
829921
822923
840184
835985
835052
827588
835985
835519
821057
865375
1012326
887301
905028
874706
877038
831320
828521
811727
824323
821990
821057
837384
821524
823389
821057
819191
829920
825256
839251
836918
828988
1455043
841584
840184
832720
835052
836918
862110
824789
826655
838318
821524
827588
953545
1151812
963343
844849
844849
835053
819191
844849
841117
845315
868174
837851
839251
843916
839251
845782
862110
832254
837852
815925
837385
839718
881703
833653
837852
835519
835985
818258
839717
853713
821524
833653
833653
813593
834119
849981
832253
837851
858844
840184
835985
834586
1064575
1125221
1162075
847181
830388
842984
836919
817325
846716
835052
840651
836452
837385
1363608
839718
819191
875172
865376
816858
842983
838784
815926
2207057
1153212
1140150
1122889
834586
837851
836919
821991
851380
846248
818725
838784
837851
836452
838784
837852
846715
855112
852780
843449
1139217
1135018
850914
850914
1381335
839251
844849
840650
838785
855112
849980
849047
846249
846248
849981
830387
875172
849981
828988
858378
849048
830388
849514
849980
833186
845316
865842
839717
842983
859311
840651
840184
861643
871440
1105161
854646
827588
1421455
860711
845316
847648
844383
833653
850914
830854
834586
832720
849980
854645
843450
842983
854180
849048
833186
896165
851381
841583
843916
847182
860244
849515
851847
868175
867708
849515
853713
838318
852779
857445
983869
1465307
865376
855112
852313
853246
840650
852313
857445
839251
835986
856512
870973
849047
840650
860244
839251
839251
838318
838784
856511
872373
848581
851380
858844
851380
856979
862110
845315
858378
861177
863976
858378
863043
1390665
855579
856512
870041
843916
927421
873306
862110
861643
866309
865842
846716
847181
863977
862110
902230
906428
867241
863043
854179
857911
847182
843449
848581
862577
865842
887768
933020
856045
865376
849047
847649
846249
1345881
879837
860244
862577
848115
851847
866775
865842
867242
873773
860244
868642
849514
852780
865842
850914
895233
868641
866775
850447
875173
870507
869108
1179336
936751
868642
866309
877972
867708
898964
866308
867708
1346813
868175
857912
856046
874706
873773
853713
872840
872840
856046
885902
858844
856045
870507
916692
1048713
859777
877971
854646
870973
856979
855578
873306
873772
856046
873772
911560
869108
865375
868174
888234
855112
877504
1347746
902697
892433
872373
870973
876572
879371
878905
876572
873773
876572
878438
860710
896632
872373
882636
880304
890567
874239
942816
983869
1185868
1170473
877971
876105
873307
874706
879837
893366
878438
880770
871441
1402328
877972
876572
872840
878904
997864
1027721
1187734
919958
874706
876572
877505
876105
878905
855579
879371
873773
873306
880771
879837
875172
878438
895699
875639
874705
860710
880304
900364
874706
877038
877971
884503
1419589
879370
879837
880304
878904
859778
880304
877971
889168
877038
879838
880303
879370
861643
877504
881237
898032
881237
882170
887768
881703
864909
884036
881237
869107
878904
882170
881237
911093
872839
1174205
1240449
1372938
882637
887301
921357
886835
942349
884503
880771
882637
879838
890567
900363
1134552
895233
885902
887301
881703
889634
891500
868175
1011860
1241849
895232
923690
886835
891967
906428
887768
889168
935819
949348
885902
1414458
897565
889168
893833
872373
893832
891967
920890
884503
885435
885902
893833
884969
888701
897098
951214
891500
891034
893366
890101
891500
891034
870040
895699
890567
887768
889167
874240
891034
891034
889634
892899
896632
889634
890567
895232
1218990
1249313
1247913
1297830
1035652
898031
890567
891500
872373
894766
893366
898031
900830
891966
1000197
893366
894299
892900
896632
908294
892899
910627
904562
902696
901297
896632
907828
1578669
911093
890101
891967
896165
887301
910627
906428
912493
904563
885435
893833
889168
907361
905029
907361
906428
888235
889634
908761
909227
891500
906428
905961
908294
907828
910161
886369
894300
910160
907828
919958
928821
915293
908294
891967
917158
894765
910627
897098
911093
893833
911560
890567
895699
897565
911093
947481
1230186
1126621
904562
913892
909694
917625
911560
909228
913893
965208
907828
907828
907828
912026
899430
1730751
912960
913893
905962
916692
936751
911560
915292
912493
926488
898031
969874
965209
972673
931620
897098
901763
895232
900831
921357
927421
916225
901296
899897
898497
898498
915758
897098
945615
951213
919957
1414458
926488
1016058
948415
1007195
985269
901297
902230
902230
916226
899430
901297
904562
919024
920424
933019
928821
915292
914359
920890
920891
902230
920424
935352
909694
927421
954945
1009527
933486
905495
923223
1404194
925088
917624
917624
925556
900364
917625
922290
903629
917158
902697
905962
908294
936285
923689
945615
906895
926022
911560
928354
926488
925556
905962
907828
925555
906895
920890
914826
924622
924156
910627
1532951
958678
923690
925089
924156
960077
925556
922756
924622
909694
926022
922290
925556
923689
919025
925089
946082
926488
922290
925555
925555
914825
926022
938618
945149
933486
915758
910627
912493
911560
912027
1440582
929754
1006261
937218
1169073
928355
928355
929754
932086
935352
927422
912960
929754
926955
928821
952147
927887
949814
924156
928355
936751
933019
929288
926955
933019
920424
930687
941416
926488
918091
935352
1619722
935352
936752
926489
959144
930687
907362
919957
935352
931153
930221
918557
919957
926955
935352
919957
934419
938151
936285
936285
936285
936752
919024
936285
938151
958678
917158
937218
936285
939551
953546
967075
934886
939551
942350
938618
936751
919957
959610
923223
936285
1008594
957278
939084
942816
958678
933486
944683
935352
939085
922756
937685
935352
941417
950747
938151
933019
932553
935819
929754
945615
1539016
935818
935819
964742
968474
936285
940018
937685
920424
1005795
937684
934885
924156
938151
948414
1037984
1336551
933020
941416
932086
954945
945149
925556
943749
931620
926955
972206
960077
942349
940484
970341
943749
939550
931620
943283
945616
952613
958678
940950
938617
930687
930221
944682
964275
925555
954479
943749
947948
957744
943749
942817
920423
927888
931620
970341
929754
928355
950746
928355
929288
940017
1428452
948414
931154
963809
968474
945615
943283
943749
943283
947015
946548
941417
946548
945149
944216
941883
945616
943283
943749
946082
941883
1150413
1187268
949348
966608
942349
948881
948880
972206
942816
1523621
949814
951213
988068
953079
954479
954478
947482
949813
950280
949814
948881
947481
975472
1009993
949347
947948
949814
970807
948414
947948
932087
950280
951213
949348
966142
954946
950280
950281
951213
1709291
960543
954012
950280
1023523
963343
956345
942816
943750
983402
939084
944216
942816
945616
943283
948414
953546
951680
941416
934885
945149
1046382
947947
929754
954013
941417
945615
945616
1039384
1408860
2827049
1385534
1199396
946082
926488
948881
947015
957745
945149
949814
948414
949348
956812
975938
945616
1053379
1298297
972207
1186335
950280
948881
947015
941883
953545
954012
932553
945149
950280
948881
962410
955412
960077
969408
954945
948414
969407
1472771
953079
951213
956811
953080
948415
946548
995998
994599
948414
945615
954013
955879
948414
952147
982003
951679
948415
951213
948881
968941
949347
954479
931153
952612
950747
955878
948415
1058044
1288034
1337483
960077
956812
954945
949814
968940
988534
956812
966608
973140
981070
972673
955878
953080
1468573
967075
954012
960077
1079037
957278
955412
1053379
1316957
995998
977804
958678
958211
954479
960077
959144
958211
957745
954013
962876
957745
964276
962876
963809
957745
954945
957278
959611
960544
992267
972672
961010
959611
966608
957278
957278
960544
985269
955412
965675
959611
959144
960077
960543
959144
957744
958211
961010
960543
965209
952613
956345
963343
2743544
963809
964275
957745
985735
963809
962410
967541
957278
967075
959610
962876
961476
980137
964742
960077
980603
1268906
961010
954479
962876
984802
958211
964742
958678
1286168
1178870
959144
985735
959144
961476
973139
965675
1013259
968475
961477
966608
964742
964276
965208
1085568
965675
971740
965676
961476
961476
964276
967541
965675
965208
969407
964276
968008
1005795
964742
1034252
1150413
1093032
1208260
1279636
1810058
1053379
1091166
1156011
1459243
1348213
978271
968941
986202
964742
969407
966141
967075
996465
970340
955878
975471
957745
979204
962876
978738
980137
975939
959610
976405
970340
975938
956811
975939
958677
975005
974539
976405
978737
1312758
1142482
978271
1034252
987601
969874
979671
979204
978738
979670
1001596
990400
975006
976405
981537
975005
974539
979204
1000197
978737
976872
971740
981537
977805
978271
974539
1424721
977804
966608
981070
960543
977338
961943
981537
967075
986668
1019790
1003462
3772664
3747939
3651838
3676097
3419050
2134748
979670
981070
984335
968474
978737
968941
984802
967075
983403
969407
1002996
999264
989000
1289899
1267974
984802
982003
1036585
997398
987601
986668
994132
986201
985735
984803
987134
987602
988534
986668
990867
992732
988068
987135
987135
988068
989934
995065
964276
1038450
996932
1751278
1038917
1206860
1473238
1451778
1379469
1375270
1393932
1001596
991333
989467
995532
988534
993200
989001
993199
988068
1012326
1002063
987601
989934
1014659
993199
1007661
991800
994132
991800
992266
992267
991333
991333
994133
995531
1008127
1007661
1009060
992733
990401
994599
997398
1016058
1034718
1221789
1023056
1000197
992733
998797
996465
997864
995065
980604
995532
1054312
998797
995998
999264
1452245
999264
997398
999263
997398
1002530
996932
996931
980137
998797
1020724
1010926
996931
995998
1028654
999730
1013726
1074372
981070
982470
981070
981070
987135
982936
985269
980604
1022123
983403
993666
1009527
979670
1002995
983869
982470
984802
990400
980604
996931
982003
987601
982936
989934
993199
987601
991799
1007195
983403
982003
991800
1022123
1354744
1483501
987134
1231585
1927618
985268
982469
1194732
991333
1003929
987135
989001
986668
987602
988534
993666
985268
983402
984336
975938
985736
987601
993665
1128487
1021657
987135
987134
983869
987601
987601
991800
986201
998331
983869
1005795
989934
983869
987135
988534
1025855
985735
986668
994133
1009993
1001130
991800
989001
989001
992267
987601
991800
992267
1000663
988534
989001
989001
987601
1499363
993199
990401
987135
990867
1009527
989934
1170473
1414924
1377603
1448979
1022123
994598
990867
1000197
1051513
1325820
1208727
995999
994599
989000
994599
988534
1021656
1001130
1015592
1002063
1019324
1016058
1037984
1052446
1002063
1019790
1002996
1020723
995999
1017924
1000663
1008127
1035652
1058977
1026322
1064109
1025388
1019791
1056645
1004395
1029121
1026322
1016058
1601994
1023989
1019323
1023522
1024456
1022123
1021190
1023522
1023055
1009061
1025855
1052446
1041717
1024455
1016524
1024455
1012793
1041249
1023522
1026322
1112159
1042649
1122423
1030986
1029587
1025855
1026322
1027721
1055711
1029120
1025855
1028654
1024456
1022123
1026321
1030053
1037518
1030986
1011393
1031453
1071572
1124755
1057578
1073905
1027720
1027254
1024922
1026321
1072039
1640248
1046382
1031920
1014659
1030520
1030520
1083235
1042649
1040783
1039384
1061310
1038451
1046848
1030986
1029587
1029587
1014192
1031919
1035185
1030054
1030520
1032386
1026788
1036118
1015592
1072505
1036118
1036585
1034719
1036118
1016525
1045915
1016992
1035651
1037051
1018857
1035185
1014659
1044049
1033319
1035185
1039384
1017925
1033319
1035651
1019790
1018391
1041716
1079038
1037984
1039383
1028654
1038450
1037051
1038451
1058511
1088368
1042650
1042183
1022589
1041249
1020724
1022122
1038917
1023056
1040317
1039851
1038451
1065042
1453645
1291299
1049181
1079503
1062242
1046381
1041249
1021656
1035186
1041250
1059443
1039384
1023989
1037518
1035652
1042183
1038451
1023989
1193798
1035652
1027721
1029587
1025389
1046848
1591731
1048247
1044515
1043115
1023522
1026321
1046382
1022123
1042650
1051980
1047781
1025389
1040317
1024922
1043582
1041250
1052446
1043115
1047781
1036585
1037051
1046847
1044981
1037051
1038450
1044515
1033785
1055245
1038917
1386934
1221322
1034718
1036585
1036584
1035651
1034718
1073439
1456443
1479302
1663574
1457377
1053845
1038917
1040317
1040783
1053846
1045448
1038451
1040317
1041717
1043582
1042183
1043115
1041716
1320689
1043116
1038451
1039850
1045448
1068307
1041716
1047780
1047314
1039851
1046381
1044515
1042650
1047314
1037051
1049180
1129420
1062243
1041249
1042649
1037517
1042183
1051979
1038450
1042182
1041249
1045448
1039850
1043116
1044049
1039384
1079970
1045914
1047315
1071573
1052913
1042649
1043116
1431251
1123355
1048714
1046382
1044048
1135484
1419589
1472305
1045915
1094432
1047314
1043116
1044982
1049647
1100030
1053379
1058977
1044515
1054779
1051513
1053379
1051979
1056179
1054312
1054311
1076705
1069707
1065042
1056178
1059444
1056178
1059911
1056178
1083702
1060843
1059443
1058510
1059910
1624386
1147614
1058044
1058511
1059910
1060376
1060376
1061776
1060843
1063176
1072039
1064576
1059910
1060377
1100030
1060377
1060376
1062243
1058511
1045915
1060843
1039384
1039384
1060377
1055711
1042182
1042649
1120090
1066908
1069240
1095365
1081836
1059910
1051513
1061310
1066442
1065509
1064108
1052913
1065042
1063643
1676636
1086501
1068308
1065042
1080903
1132686
1066441
1063176
1085101
1048714
1068307
1047781
1047314
1067374
1070174
1065041
1047780
1047781
1071573
1076238
1117290
1093966
1066441
1046382
1051047
1067375
1087901
1066908
1066441
1068307
1058511
1070173
1051513
1051979
1091167
1082769
1072506
1068774
1053379
1051513
1052446
1508692
1070174
1071572
1071106
1053846
1051980
1088368
1074372
1073439
1078570
1077638
1053379
1052446
1095365
1065042
1055245
1054778
1065042
1055712
1074838
1070639
1090233
1051980
1069706
1088833
1059444
1072040
1068774
1122423
1075305
1070640
1095365
1080436
1072506
1072039
1074372
1072506
1073439
1073439
1101429
1613191
1090700
1088834
1082769
1079970
1081836
1072506
1075305
1087901
1090234
1084169
1077638
1075772
1100962
1087435
1088834
1076705
1095365
1077637
1075771
1074839
1059443
1073905
1071106
1075305
1086034
1075305
1078571
1076705
1100497
1085102
1305761
1455977
1076238
1084635
1112159
1069240
1068774
1064109
1427053
1298297
1090700
1071573
1243715
1068774
1082303
1066908
1067840
1070174
1085101
1065042
1074838
1078104
1072506
1069707
1069707
1072505
1071573
1107027
1078570
1091166
1073439
1072039
1095832
1096298
1072039
1089767
1070173
1067840
1093032
1090233
1072506
1082769
1135485
1092099
1100030
1071573
1554877
1072506
1074372
1073905
1072506
1076238
1070174
1074838
1071107
1074372
1074372
1112626
1422855
1421922
1073439
1071573
1089300
1073905
1076238
1075304
1079037
1077171
1072506
1239983
1468106
1277304
1077637
1079037
1093032
1082303
1090233
1083236
1111693
1098164
1085568
1082303
1086501
1570738
1070639
1083702
1082769
1087435
1083702
1089300
1090700
1106561
1088367
1087901
1084169
1088367
1085568
1090234
1088834
1087434
1086967
1091633
1092099
1091167
1091633
1088833
1088834
1087434
1091633
1110293
1090233
1091166
1087434
1089767
1087434
1087901
1088367
1201729
1127554
1090700
1092099
1102363
1095365
1089767
1093966
1090233
1089301
1091167
1143415
1102362
1111693
1144815
1093966
1108893
1087901
1412592
1392065
1096298
1097231
1094899
1075305
1113092
1094432
1109360
1112160
1075305
1099097
1128487
1097697
1096764
1095831
1092566
1079970
1076704
1100496
1878169
1104229
1101429
1096764
1119623
1101429
1123355
1087434
1093499
1096297
1214792
1248847
1117291
1090233
1095831
1120090
1096765
1100030
1098164
1130353
1095831
1099097
1235784
1136884
1121490
1109827
1095831
1098630
1105162
1101896
1094432
1103296
1100497
1098164
1153212
1610392
1143415
1105629
1113092
1105628
1085568
1106094
1099097
1103296
1103296
1106561
1084169
1083236
1126155
1098164
1097231
1114025
1107961
1085101
1081370
1102363
1106095
1107028
1140150
1086501
1101896
1118224
1104229
1121956
1211060
1111693
1113559
1090700
1086968
1622521
1133152
1107494
1107495
1101896
1105628
1106094
1103296
1169073
1105628
1103763
1163942
1590798
1109360
1115425
1103762
1104695
1097698
1102362
1156011
1114958
1110293
1107494
1137351
1374804
1483035
1483501
1157411
1162075
1156012
1110293
1109826
1092565
1109827
1117757
1111226
1118690
1137817
1112626
1110293
1156478
1107028
1104228
1107494
1104695
1105162
1106094
1109360
1104229
1106561
1109360
1119157
1107495
1105162
1108894
1106095
1104228
1104695
1104229
1112159
1112159
1107028
1115891
1113559
1109827
1119157
1749878
1129887
1114959
1133152
1154145
1121490
1112626
1111693
1132219
1113559
1114492
1111226
1110293
1118690
1114958
1116358
1125221
1110760
1114958
1113558
1117757
1112626
1109827
1112160
1114491
1120557
1121490
1118690
1114025
1113092
1112159
1111226
1658443
1500761
1160677
1144349
1107961
1093033
1112159
1134085
1124755
1131286
1108427
1140150
1116358
1124289
1113093
1094432
1112626
1094899
1117291
1094898
1115891
1110294
1096764
1118224
1098164
1127554
1099097
1114958
1100030
1124289
1130819
1118224
1118690
1127554
1119623
1099097
1130820
1117757
1099564
1104228
1119623
1100497
1102362
1102829
1119157
1103762
1129887
1099563
1123356
1102829
1119157
1122422
1126621
1124289
1114491
1106095
1121023
1121956
1128487
1237184
1567006
1294098
1591732
1123356
1150880
1137351
1121956
1121956
1130819
1133152
1128020
1127554
1143882
1126155
1143416
1125221
1123822
1124289
1122422
1124755
1146215
1131752
1122889
1130820
1140150
1129886
1141549
1126621
1125688
1154612
1128487
1132685
1786266
1128953
1130353
1119624
1142948
1144815
1184002
1121023
1125222
1127087
1122423
1118224
1119623
1117757
1135951
1163475
1118224
1120557
1135485
1150879
1123355
1124755
1159277
1123355
1121489
1177004
1725620
1611324
1773204
1759209
1122423
1125688
1288967
1494697
1374338
1128487
1127087
1145748
1127554
1128021
1123356
1200796
1125688
1127554
1122889
1130353
1318356
1136884
1136418
1145282
1122889
1126154
1126155
1154145
1147614
1134552
1128020
1663107
1177004
1154611
1171406
1159277
1128487
1175605
1174672
1132685
1135485
1131286
1143415
1131753
1123822
1132219
1158343
1128487
1154145
1135485
1153679
1131286
1131753
1134552
1149480
1140150
1517556
1638848
1176071
1625320
1156011
1154612
1278703
1138284
1132685
1138750
1560475
1174672
1134085
1133619
1165808
1137351
1144348
1135951
1139683
1139217
1224121
1137351
1144814
1143415
1143882
1141549
1146681
1145282
1145282
1140616
1827319
1153679
1156011
1152279
1161142
1164409
1155078
1149480
1154611
1150413
1155078
1149480
1157877
1150880
1157410
1151346
1154145
1122422
1179337
1167207
1188667
1177471
1165341
1176071
1306694
1273572
1632784
1207327
1164875
1155545
1147614
1196131
1148081
1149014
1153679
1162075
1153212
1145281
1151813
1163009
1177004
1179336
1159276
1153678
1155079
1154611
1154145
1155545
1155545
1152745
1156944
1159277
1649112
1157411
1161142
1152745
1149480
1153212
1149014
1214792
1149014
1157877
1152746
1146681
1150413
1151812
1153679
1152279
1152745
1152279
1156944
1149947
1159743
1181669
1155545
1151346
1152279
1682701
1167207
1165342
1141083
1156478
1204528
1199396
1171872
1155545
1137817
1181203
1161143
1163009
1169073
1181669
1165808
1142016
1162542
1183535
1187267
1162075
1156478
1157878
1153678
1200330
1187733
1189133
1159743
1157877
1158810
1157878
4412249
4369331
4418780
4394521
2821451
1166741
1155544
1145282
1178404
1161143
1160676
1145748
1168141
1163009
1164408
1160676
1164408
1202195
1941614
1177004
1196131
1167207
1165341
1149480
1145282
1162076
1143416
1144815
1161609
1163475
1191466
1168607
1171406
1174672
1149947
1164875
1201263
1241382
1186801
1185401
1544614
1411192
1677569
1160209
1168140
1156477
1167208
1159743
1159743
1197530
1157411
1168607
1161610
1184468
1159277
1161609
1156944
1160676
1179803
1158810
1164875
1366873
1362675
1169074
1159277
1158344
1673837
1162542
1170473
1195198
1158810
1159277
1643047
1686433
1185402
1177471
1189599
1163942
1220856
1163008
1167674
1161609
1164408
1175605
1192399
1190066
1194732
1180270
1192398
1170473
1679435
1181669
1170940
1171872
1173739
1171873
1170939
1172806
1173272
1189600
1169540
1174205
1186801
1193798
1198463
1179803
1174672
1156944
1184468
1160209
1162076
1177937
1177470
1157877
1987331
1190067
1180737
1179337
1222256
1175138
1174671
1175138
1174672
1196131
1173738
1178404
1175138
1172806
1190533
1233918
1239983
1184935
1179337
1177004
1196598
1177937
1180736
1182136
1824986
1187733
1184934
1184002
1186334
1176538
1181202
1222255
1178403
1178870
1193798
1178404
1182136
1178871
1225054
1201729
1185867
1181669
1188667
1185401
1191000
1582401
1411659
1183535
1632317
1181203
1178403
1182135
1211060
1181202
1183069
1183535
1180736
1200796
1200330
1183069
1184002
1182603
1187267
1183068
1185867
1185401
1181669
1183535
1188667
1207793
1638849
1696229
1615057
1184002
1183068
1184002
1199863
1181669
1220856
1193332
1190066
1193332
1185868
1189134
1189600
1210126
1188667
1194265
1190999
1184935
1183069
1191932
1188667
1204994
1188667
1170939
1715357
1191932
1248846
1186801
1170939
1188200
1172806
1170939
1199397
1632784
1188667
1174205
1174671
1190533
1192865
1165342
1182602
1168141
1189134
1175604
1190067
1227853
1189133
1176071
1231586
1199863
1201729
1191466
1188666
1266574
1247913
1202195
1191932
1191000
1191933
1193798
1199397
1222722
1197063
1204061
1194732
1192398
1189599
1267507
1195198
1190533
1191465
1721421
1204529
1199396
1182602
1181670
1197064
1219923
1178871
1196598
1270773
1235784
1203128
1197997
1180736
1194265
1198463
1181202
1195198
1198463
1179337
1194265
1200796
1215725
1226921
1223655
1200329
1200796
1177471
1194731
1183068
1196131
1198463
1204995
1179337
1178870
1202195
1180736
1205461
1357543
1187734
1179337
1176538
1218057
1211059
1202662
1218057
1210126
1745212
1214791
1214792
1300163
1202662
1198930
1201262
1202196
1203129
1197531
1197064
1203129
1197997
1202662
1197531
1198463
1220389
1203129
1199397
1199863
1201263
1205461
1201729
1222722
1224588
1209660
1197997
1185868
1204062
1204062
1204528
1213859
1200330
1202196
1202195
1202662
1188200
1204994
1204528
1186334
1204528
1208260
1188667
1190067
1223188
1251646
1211992
1828251
1210126
1209193
1211526
1184002
1211525
1204995
1221789
1238583
1207328
1218523
1205927
1210593
1221789
1225055
1203129
1204062
1208260
1208260
1204995
1205928
1191932
1213392
1763873
1305761
1252579
1215724
1193332
1223655
1211993
1217124
1192399
1205928
1190066
1207327
1189600
1210126
1218990
1234852
1211992
1200330
1205462
1205927
1225521
1197997
1229720
1192865
1226920
1217124
1213859
1252112
1217591
1205462
1209193
1210593
1209660
1217124
1200796
1204994
1206394
1200330
1202195
1218523
1250246
1208260
1205461
1205461
1205461
1205461
1207327
1734016
1209193
1226454
1212925
1221322
1234851
1216658
1204995
1417257
1699028
1226921
1250713
1205461
1206394
1202195
1203129
1205461
1229253
1238584
1215258
1519889
1555810
1446180
1727486
1216191
1212925
1201729
1206861
1207327
1225521
1567472
1455044
1490965
1217124
1218990
1215258
1212925
1238117
1209660
1212459
1223188
1211993
1214791
1212459
1234385
1279170
1706492
1213858
1235318
1214325
1211993
1211992
1214791
1218524
1215725
1215725
1212925
1218524
1215258
1215724
1267040
1245581
