3732
11663
1400
1866
1866
2333
2799
2333
5132
5599
5132
6065
6065
10730
6997
7931
11663
9331
11196
13529
8398
10264
21460
3732
3732
2333
2332
2332
2332
2333
4198
4199
4665
4665
4665
4665
5132
4199
5132
5598
5598
6065
6531
8864
6531
6997
6998
10263
6997
7464
6998
7464
9330
6997
6998
6998
6998
7930
18194
9330
8397
10729
9330
9330
9796
9331
10730
10263
9796
10263
12130
10264
11196
10263
10264
11662
10263
10729
11196
11663
13062
11196
14462
12129
12596
11663
11663
12596
13528
14462
14928
12596
14461
13062
13062
13996
13529
10263
8864
9330
14462
13996
14462
15861
19127
15395
16794
16328
16328
15395
122692
18661
17728
17727
17727
20526
17261
20993
22393
27990
20060
21926
19127
19593
13529
12129
14461
12130
13995
13995
13062
14929
13062
13062
13528
13529
16328
13528
13529
13996
15861
14462
17727
13529
20993
25191
23792
24725
23325
17727
19594
15395
16794
17261
15394
15861
15861
17727
16328
24259
24259
27524
27524
26124
30324
25658
27991
27524
31257
27058
26591
28924
30789
28924
28924
33589
27524
29856
29390
34055
29390
30790
33122
33588
30789
32656
31723
31256
35921
31256
31256
29390
35921
30789
34055
35921
34988
38254
32656
34988
35921
35455
33122
40120
34522
34521
37787
37787
35455
37321
37787
35922
41986
35921
39654
74175
31722
28924
20060
18194
19126
20526
19594
20527
20526
20060
20526
19593
19594
20993
20526
20060
20060
20526
21459
21460
21460
21460
20993
21926
21460
21926
20993
21926
22392
21926
21459
21926
20993
21926
21460
22392
22393
22859
21459
22393
22392
39653
23792
22859
23792
22859
23326
23326
23792
23325
23792
23792
23792
22859
23326
24258
17728
17261
19593
19127
18660
18661
17728
18194
18660
17727
18194
18194
18661
18660
20060
19594
18661
18661
19127
19127
18661
20526
28457
28458
27058
27991
27991
27058
28457
27058
26591
27524
27990
27524
27524
28457
27991
27524
27991
27991
27991
28924
29390
27058
27990
28457
28458
28457
29390
28457
29390
28457
26591
27991
27990
27058
27991
27524
27058
28457
27990
28457
28457
37788
28457
27524
27524
27057
28458
28457
28923
28923
28457
28924
28924
29390
28923
29857
29390
29390
29856
29857
29856
29856
29390
39653
30323
30323
30323
30323
30790
30790
31256
33589
33588
33589
33589
34056
33122
33122
33589
33589
34055
34521
34522
34055
34521
34522
34056
34055
34055
41985
35455
34989
34989
35454
34521
35455
34988
36388
35455
34988
35455
34988
39653
30323
34522
34522
34055
34522
39187
34055
34988
34055
35455
33123
33589
34055
34056
34055
35455
33589
34055
34989
34522
48051
40586
40586
41053
39654
41519
40586
40120
38720
35455
37321
38721
37787
38720
38721
38254
37787
38253
39187
40120
37787
44318
42453
41986
42919
42919
42452
42452
37787
45718
42452
42453
55048
43386
40120
43852
44318
43852
44785
43852
42453
39654
43852
43386
44319
46185
45251
45251
39653
46184
43852
46184
46185
45252
45718
48051
68577
46185
45252
46184
45252
46184
43852
46651
44785
45251
47584
46184
45718
43852
43385
44785
45718
46184
45252
46651
46651
47118
45252
46651
46651
46184
46651
47118
47584
46184
47584
47584
46651
48050
47584
48517
48050
49450
48050
48050
48983
49916
48517
45718
49450
49916
48050
49450
49450
51316
50383
50383
49450
50849
49450
50850
50383
50383
52249
48983
48983
49917
50850
48984
52249
50850
51783
51317
50850
55515
52716
51782
51316
53649
52716
51783
52249
51783
52249
52249
54115
53182
51782
52716
52716
52250
52249
53648
52249
58313
57381
58780
56448
56448
55981
55981
56914
54582
54115
55049
53182
54115
55048
54115
50850
60646
57381
57848
57847
56914
56447
57847
53182
53649
55515
55981
58314
55981
55982
55981
54582
50383
51316
54582
50383
58313
58313
56448
54582
58313
57847
56447
59714
56448
57381
58314
62512
59713
59713
59246
58314
60180
58314
59247
58313
64379
61113
63912
59247
60180
61113
60647
71376
60179
55514
58780
60180
62046
63912
62512
60646
62045
59713
62978
62512
62046
63446
63912
63912
63445
63445
62046
62512
62046
62979
62513
62512
64845
62046
62979
66245
63912
65778
65778
63446
62513
65778
64845
64378
69044
65777
65778
64845
65778
65778
65778
65312
66711
65311
65312
64845
63446
65777
66245
65312
66244
67178
73242
71376
69510
70443
70443
67643
73242
68577
62979
70443
69510
68576
69044
70443
70909
70909
70909
69976
69043
70910
69977
69044
68576
70443
69510
69977
70909
71376
71842
72309
72309
69977
71376
69977
72309
70443
71376
70910
72775
73709
71842
72776
73709
71843
72776
72309
71376
69977
72309
75108
77441
74175
72776
73709
76974
73242
70910
69977
72309
73242
72775
72776
75108
76041
79307
76974
76508
76974
75574
75575
77441
72776
75575
76508
75575
77441
73709
74175
72309
75575
76508
72775
76974
82106
78840
75108
76974
74642
75575
77441
77441
78374
74175
74642
76507
79307
77441
76508
75108
76041
77907
77440
74175
77907
77440
72776
77441
78374
77907
74175
77907
77440
77907
80707
80706
78374
81639
77441
81173
81640
73242
80240
81173
79773
71843
68111
70443
67177
67177
66244
65778
65311
65311
67177
65311
65778
66244
66711
65778
66245
65777
64845
63912
68111
69976
65312
67178
66245
68577
66245
66245
66711
66711
65311
67177
66245
67177
67644
66245
66245
74641
71842
75108
63912
70443
67644
69510
67178
71376
68577
68577
69043
68576
71843
90036
86770
89570
87237
86304
88170
87704
86771
87237
86771
86771
89569
88637
89570
66245
62978
62978
62979
62979
64379
64379
62513
63912
61579
65778
63912
65312
65312
65778
62512
65312
62978
62979
65311
64379
64378
63912
63912
64378
65311
64378
65311
65778
73708
71842
73242
71843
72775
77907
83505
77907
86771
90036
89103
89104
91903
89103
96101
89103
90970
90036
88170
68577
64845
66710
67177
80239
72775
73708
73242
75574
72309
74175
72309
73709
78840
74175
73709
101232
99833
98900
98434
95634
97034
97500
98433
98900
97501
97967
98901
97501
96568
70443
69510
69510
69977
70443
77441
75108
76041
76508
76508
75574
81639
79307
76974
83972
78374
77441
77440
78374
81639
79307
78374
76974
78374
77907
77907
77441
77907
79306
77440
79773
78374
78374
78840
81173
81172
78840
80239
79307
79773
79774
83972
79773
81173
72775
74642
71843
73709
73242
72775
75575
74175
73242
73709
74642
73708
71843
74175
74641
74175
75108
74175
73708
74641
75108
73709
83039
74175
73708
75108
74642
75574
73709
74642
75108
73242
75108
75575
75108
77441
74175
75108
76974
76508
75575
74642
76041
76041
76507
74642
74642
76041
80706
75574
76041
76041
76507
77908
76507
77441
77440
76974
76974
75574
75108
77907
77440
78373
76508
76507
77907
77440
79773
84905
84439
80706
78840
78840
78373
77907
78840
79773
85837
78374
79773
78374
81173
80706
81640
79774
79773
80240
78374
77907
80706
78840
77441
80706
79773
78840
79307
78374
77907
79307
79773
80706
79773
82572
80240
81639
81173
81172
80240
87237
88170
90503
89570
88636
88637
88637
81173
82105
83972
81639
78841
82106
83039
80706
83972
83039
83039
95634
91436
90036
90037
89104
90037
92369
90970
93769
91903
92369
92836
91902
91436
91436
91436
92369
92369
89570
90502
92369
90970
92369
90503
110097
92369
98900
90970
101699
93768
92369
94235
102632
92835
93302
92835
101699
93768
98900
94235
92369
87704
85838
85371
88170
91902
86771
86771
90037
90503
87237
85838
85371
88171
89569
87237
91436
88637
87237
91436
90970
86304
93768
92835
89570
89570
89103
90036
88637
88170
92369
89570
90503
107298
89570
88637
90037
89570
89103
90036
88636
90036
88171
90037
124092
123625
124558
124091
123625
124558
105897
100766
100300
104031
129223
99367
98434
100299
97034
130622
102633
101233
101700
91902
91903
90037
92369
95168
92369
91902
92369
93302
100766
100766
90970
93301
92835
92836
92369
93302
94235
93769
93768
92836
95635
94235
93302
94701
107297
93302
92369
94235
92836
91902
93768
96567
91902
102165
102632
103565
104498
92369
102166
118960
96101
94235
94701
94702
94235
91902
93769
93768
94235
97035
93768
92835
96101
97967
96101
149283
96101
96101
96568
109629
98900
99833
97501
96101
98900
105432
98900
98433
99367
99833
101233
110097
98434
109630
105432
97034
97967
98900
100299
96568
97501
97501
98900
98433
97501
101699
97967
97501
99367
97500
100766
121759
101232
126424
128290
132956
134822
133889
133422
137154
133889
138087
138087
138554
132956
138087
137154
139486
133422
141819
139953
139953
142752
141353
139020
144151
140886
135754
138554
138553
135288
135754
142752
131089
134355
131090
145085
153015
139020
142286
142752
131556
142286
141352
141352
108230
106364
131090
103099
104964
105898
104031
106830
105898
105898
110096
103098
104499
111496
105431
102632
105898
108231
104032
104964
117093
111496
113828
104032
105431
104498
104964
106830
105897
101699
118493
113828
112896
113828
111029
110097
104965
118493
105431
108697
105898
106364
108696
107297
107764
107764
107297
107297
104032
106831
107298
106365
107763
108696
106831
105898
107763
106831
106365
106364
109163
109163
105898
107297
107764
107298
106364
110096
107764
104498
110096
107297
107764
107298
117561
109163
107297
107764
115695
104965
107764
108230
112428
140886
139953
107297
109163
110097
145551
107764
112896
109164
123158
138554
117094
115228
115695
116627
116161
111496
113828
113362
111496
111495
112429
112895
113828
112428
110563
114761
112896
111496
111496
114761
111962
111029
112895
114295
122692
119893
129223
118494
119427
117094
124558
112428
112896
125024
132022
149283
148350
113362
117560
111496
114762
126424
114294
115228
113828
117561
115695
114295
112429
117560
113362
115228
124558
120826
123159
119893
129223
118960
119893
119426
118027
118027
116161
117560
116628
115695
117561
116161
119427
114762
114295
116627
117094
114294
116628
117561
118960
118027
117094
118960
117560
117560
118494
117094
118493
116161
114294
117561
114761
119426
120359
117561
118960
114761
118493
121759
119427
120826
119426
126891
117561
118960
118494
120827
120360
121293
118027
121759
117561
121759
121759
119893
123625
120826
123626
120360
123159
119426
122692
119893
121759
121292
122692
119426
121759
125025
121759
120826
120826
120826
122692
121759
122226
120359
181473
175408
176341
174941
172142
175874
168410
136688
132022
130622
134822
131556
131090
122692
123158
121292
123625
167477
160945
163278
173075
158147
157680
158147
159546
161413
161879
156281
157214
158147
155815
157680
161879
162812
156748
161879
162346
165611
164211
165144
161413
160012
164211
160479
165611
161413
161879
156747
163745
163745
157214
152082
170742
173542
157214
157213
153948
157214
156281
157680
155815
157214
152548
146951
149283
207596
166077
156747
169809
172143
170276
172609
170276
172609
177740
238853
143685
138553
131556
149749
167944
168410
166544
174475
174942
164212
157680
161412
159080
153482
163278
158147
153015
159547
135754
132022
132488
135288
132489
129223
126891
125958
122225
123625
122226
119893
124092
123159
120826
131556
129689
131089
139486
131555
128757
169809
179607
168876
161412
160946
162812
159547
160013
145084
151150
144618
146018
146017
141352
137154
132955
134355
132955
130622
132955
131089
132489
147417
132022
158613
157680
148350
150683
156281
163745
163279
178673
162345
153015
150683
149283
148817
152549
136688
134822
135288
132955
134822
132489
134355
134822
133422
136221
136221
156281
153015
151615
154881
163744
168410
165611
176340
178673
179606
180072
173075
173542
191269
170742
173542
171676
172142
173541
175408
172142
173075
197334
177740
174008
178206
194535
172142
172608
178207
171209
186603
180073
156747
150216
149749
145551
151149
148816
146951
150216
138087
140886
138554
199666
195001
193602
203398
181939
183805
181006
179139
180073
176808
178206
179607
182872
181472
180073
179140
205265
144152
140886
174941
152083
151149
158613
159547
158614
161879
159546
161412
193601
197334
193135
176341
176340
178674
180072
178206
174941
177740
175407
174475
173075
145551
145084
153949
142285
145085
153949
142752
143218
247251
190336
199199
193602
195468
193135
192668
193601
214595
181473
181938
178674
183805
188937
182405
204797
183805
186137
185671
182405
187070
187071
185204
186604
186138
186603
185204
188003
186604
188003
187070
222059
183805
154415
146017
144618
147418
142285
148350
146950
148350
147884
163278
148350
148350
147883
149749
146484
147417
147884
145085
144618
154415
148350
146017
149283
146951
147884
145551
146950
149750
147884
141352
141818
139019
162345
138553
137154
142752
159079
136221
143685
147417
139020
141352
141352
139953
139020
151149
150682
146951
152082
146484
146017
149749
149749
148816
172142
167944
157214
162812
159547
157681
167943
157214
157680
164211
159079
160479
167010
161412
150216
151150
152549
149283
177740
199200
294834
153015
151149
181939
164211
167010
151616
150683
192669
167943
166077
167010
167477
165144
161878
164678
165611
159546
154881
153016
152549
158614
212262
208063
227190
204331
200600
201066
202932
196401
215061
195934
206664
220193
201533
201066
198733
203398
199200
199666
197334
197800
201999
201066
198733
200133
195935
204798
200599
202932
200599
198267
200133
198734
200132
198733
198267
198267
201065
202465
199666
166544
161879
176807
156281
181939
205264
215994
176807
174941
221125
212262
218327
215994
216460
217860
214128
211796
215994
215061
215994
222058
201065
204331
201999
195467
204331
211795
160946
159080
174008
155814
151149
153015
159080
150216
148816
152082
189869
202465
198266
195468
203398
211329
164211
161412
160013
158613
159546
158614
157214
158613
158614
158147
160013
161878
162346
204331
160013
172142
160012
163278
160945
163278
159079
217860
221592
215994
210396
233721
206664
209463
203865
204798
207597
209463
209462
206664
207130
167477
164211
166078
165145
180073
168877
160946
173075
163279
164678
160946
159080
165144
161879
162345
174941
166077
161879
255647
224858
221593
239786
212728
201532
199199
212729
213195
213661
205264
213195
212262
218327
213662
213661
211795
215528
212728
216461
220192
215061
217393
216460
218326
209930
215060
212261
215994
211329
213662
214595
216460
219260
209929
204331
221592
219259
217860
222059
220193
212262
221592
217860
219260
223458
219259
213661
213195
218327
218794
214595
217393
212728
215527
195934
237920
206197
203864
201532
210862
174008
176341
172142
173542
169809
172609
171210
172608
233722
226724
224858
220659
237920
237453
230455
228124
229056
225791
223458
223925
222058
221592
223458
224858
180073
175407
235588
165611
163745
174475
173541
174008
173542
173541
176341
172609
170742
168877
167944
170276
170276
175408
203398
227190
242119
249116
231389
248183
238386
234188
236520
235588
236054
239319
237454
330289
192202
192668
190803
175874
184738
175407
175874
176341
185671
195001
176340
180539
258447
211795
215527
219727
206664
209929
213662
214595
209929
211795
296234
207130
227190
213661
222059
229056
240719
229056
228123
182871
192668
188004
188470
189869
193136
188470
249583
241652
241652
219727
222525
225791
229989
230456
233722
229990
225324
220193
227191
222059
226724
219726
225791
230456
229523
232321
229990
227657
235121
229523
229523
220659
229989
223458
221592
233255
228590
229523
229989
240253
236987
230456
225324
194535
189403
177740
219726
230923
250982
240253
247716
267776
229056
236520
233255
235121
237920
241186
220659
235587
235121
223458
244451
225791
225324
233255
234188
240719
245384
240719
239320
240719
236054
237920
189403
201066
188937
195001
181006
175407
180539
178673
177740
176340
176341
183339
184271
179606
203399
186603
183805
185671
181472
193602
182872
181006
186603
181939
187537
185671
248183
244451
242585
256580
235121
235587
228590
240252
250049
196400
189403
188004
185671
186604
193135
183805
189870
187071
182872
187071
185671
191736
185205
186137
181006
188936
194068
189402
188470
188470
198266
188936
189403
191735
188003
187537
191269
187537
303231
279439
193135
177740
198733
204797
199199
203399
199666
201532
201998
198733
198267
201532
209930
202932
202466
189403
187537
188937
210396
190336
187537
187070
190336
192202
195001
202465
190803
197800
194068
192202
194068
195001
190336
190803
190802
191269
191269
192669
194068
188003
192669
192202
192202
200599
194535
188470
192668
192202
207596
192202
189869
190802
189403
203865
193602
195934
254248
277573
258447
275707
275708
256581
247716
251448
238386
244451
241186
250983
246783
237454
238387
231389
250516
249117
248183
248650
215061
198733
209929
223924
201998
197800
199666
194535
197333
203398
198266
200133
201532
210396
198267
201999
223458
197800
197800
200133
198733
221126
198267
195934
198733
202465
201999
224391
269177
231855
199666
195934
196867
196867
288303
245851
263578
271042
257046
253315
257513
250982
258446
246784
257513
252382
256114
250982
253314
250982
260779
255647
258913
247250
268243
266844
269643
266843
265910
292035
269642
214128
205264
202932
198733
203398
196401
199666
198267
200132
201066
214128
200133
198267
200599
201999
203865
201532
213661
204332
204331
202932
201532
252381
255181
225325
242119
202932
229523
214595
219260
220192
217860
222058
212262
216460
219260
215061
219726
215994
195935
198733
206197
202932
201066
201999
204332
216927
206198
215994
204797
206197
201532
254714
273374
351748
277107
299499
278040
274308
258447
263112
252848
257980
262178
271975
266377
270109
265444
266377
264511
262645
257513
262178
258913
211329
268709
270110
277573
270109
269176
264977
264977
265911
274775
273841
272908
266377
272908
267776
278973
265444
258913
264045
264511
263578
258913
256581
259846
256581
269643
266843
269642
272908
269176
270109
262645
259846
258447
267776
252848
266844
270109
299500
281772
284571
274774
279906
272908
277107
271043
275241
263578
246783
245384
243518
224392
212728
209929
215528
215061
211329
209463
214595
211329
208530
283638
302299
278039
302765
287370
272908
266377
266843
271042
271976
267776
266377
284104
284571
283638
221125
216460
219726
212262
214595
213662
217394
210396
210862
211796
212729
211796
213662
214595
210862
217394
215527
212729
208063
215061
215061
212262
258447
311628
224858
256580
228590
227656
234188
234188
233721
214128
289702
280839
302765
289702
302765
300432
311162
306963
307430
312095
298100
303232
292035
291102
313494
285971
299500
284104
284571
283171
291102
285971
293434
283637
283638
293901
295767
306030
298567
283171
299499
307897
311162
314428
313028
312095
299499
283171
291102
290169
287370
284105
270576
269176
260779
302299
284571
248650
265910
272442
257513
266843
272908
278973
301365
277107
268710
283638
284105
283638
278973
222992
224391
260779
223925
221593
221126
221592
222992
220660
219726
219726
221125
221592
224858
215994
225324
218327
241186
301365
309295
294834
290636
306496
270109
270576
299966
217393
215528
216927
219260
215994
228123
224392
223458
235587
229056
224391
239319
223924
235121
226724
231855
225791
227190
226257
236054
226257
300899
315827
332155
313961
300899
306497
305564
305097
305564
301831
310696
298566
304165
308363
301366
298566
305097
302298
313961
301832
271509
230922
233721
228590
231856
230923
227190
225324
228123
222526
225791
311162
312095
313494
583137
237454
222525
226257
223925
226257
224858
227656
228123
230456
227657
230456
231389
227657
341952
319093
315827
306031
296700
317226
315827
310229
337286
308363
310696
313961
310229
309763
310229
312562
309296
293901
312095
304164
305098
321891
314894
320493
323758
315361
311628
307430
317227
319093
306030
316294
311162
306030
319093
257514
379272
301365
310229
304631
316760
306030
291102
303232
232322
235588
231856
246783
232322
242585
229990
240252
234188
240253
231388
243518
233255
366210
315360
316760
339619
316293
311162
309296
285504
236521
224392
225324
228123
224857
229056
225325
229523
223459
226724
223925
229523
239319
229057
231855
228590
231855
306497
243518
251448
235588
305097
382071
326090
236054
236521
285970
230922
227190
227190
226724
229056
229056
229523
229522
235120
227190
226724
229990
226724
229523
230456
230922
231389
227657
234187
224857
229523
228589
234188
233255
233721
231388
234655
224391
229990
230922
228124
233255
229989
232322
231389
236520
234654
232322
230456
228123
231856
230456
230922
233722
230922
229057
230923
234655
234188
239319
233722
234654
230923
243984
235588
246784
237454
236054
236987
227190
238853
248649
228590
232788
236987
238387
231856
237920
243051
239786
243051
236054
250516
232322
236987
235588
230922
238387
239786
236521
238387
237453
228590
236054
238386
232788
233722
238386
244452
234655
233255
235587
237920
231389
233722
243051
230456
242119
233255
234188
234655
238853
235587
240253
234654
236521
237920
241652
243518
239786
235587
234188
238386
239786
232322
233722
243518
255647
268710
250049
238853
240719
241185
243984
249583
239785
244917
239319
237920
241652
235120
239786
242118
242585
239319
243051
240719
245384
239319
243518
240719
243051
237920
242585
240719
239319
244918
242585
245384
240719
243052
243519
236520
236521
243984
235587
242119
336354
331689
334021
373208
354548
375074
335887
289703
326090
374608
320492
367609
261246
255180
253315
247716
246317
243052
241652
259846
242119
243985
243985
244451
239319
241186
241185
239786
240253
239786
250049
240719
283172
242585
258447
263111
257513
246783
245851
248183
244451
241186
242118
244451
246783
245384
239786
241185
248184
245851
248183
278040
243984
250516
248649
254247
254248
253781
245384
247717
239786
246784
252382
246783
247717
247716
250049
269176
265444
263112
262645
257980
274774
249117
254715
245851
250982
250516
243985
246784
254715
247717
248184
250049
250516
258913
249116
256114
244918
250982
247716
250049
251915
254714
248650
277574
248650
246317
252381
252848
249117
254248
272908
269176
262178
288303
258913
283638
253315
250982
251449
251916
250050
253781
256581
250049
255181
252382
263578
250516
258446
247717
265444
250982
250983
250049
249116
248650
250983
252848
249116
254248
252382
250049
249116
257514
248183
254714
260779
250982
262178
252848
257980
253781
247251
254248
255181
252848
256580
250983
255648
254248
253314
256580
250516
257979
250049
250982
253781
254714
255181
252382
257047
260312
251916
264044
258446
268709
251448
253315
278973
277107
270576
277107
268243
263577
271042
256114
253315
257047
252848
260312
258447
249116
260313
262645
265911
258913
261712
260313
257047
258447
255647
254715
258446
256113
257980
258913
256114
261245
255647
255647
257513
261245
256114
263112
262645
262645
256114
271509
271508
265444
272908
256114
271042
267777
267777
263578
254248
261245
257047
263578
258913
260779
258447
255647
263578
258913
259379
270110
259846
270575
262645
273841
257047
282705
261246
261245
263112
260779
270575
265911
257047
263112
254248
265444
261712
265911
264045
266843
259846
262179
257979
266377
259379
267310
264978
311628
278039
291102
274774
301832
270109
267777
275241
261245
271509
261712
268710
264511
275708
260779
270575
263578
277107
264511
265444
264978
265444
266377
266844
267310
266844
266377
262645
269176
264511
262178
262645
272442
265911
340085
365743
356880
372275
355947
288769
292968
261712
291568
273841
269643
265444
267777
264044
270109
264978
271509
272442
266844
259846
273374
267777
270109
268243
272908
273841
307430
356413
345217
377873
411462
304631
279440
283638
289703
274774
270110
266377
271042
271975
273841
272908
266843
267777
306030
285037
280373
270109
272908
270576
274774
268709
298566
271975
268710
272442
271975
270576
268709
275240
284104
268243
273374
276640
279439
278507
273374
273841
289702
267776
277107
265911
273841
269176
266844
275241
300432
309296
286437
281305
276640
275707
271975
275707
273375
274774
275707
273375
275240
276641
271976
268710
273374
276174
272908
271975
278507
271509
280839
277573
277107
270575
277573
277573
277573
275708
281305
280839
281305
275707
276640
278506
275241
278973
276174
273374
274775
274308
276174
278972
269643
295767
280839
277573
280373
276174
283171
275241
272908
278506
274775
278973
272908
277573
282705
276174
277107
278973
281772
277107
274307
281306
276174
279439
285970
275707
278973
276641
279439
281305
283638
282238
283637
269642
278973
281305
278506
279439
281772
278040
297634
315361
290635
304631
284104
291102
278039
293435
275241
289236
283638
282705
281772
278972
285971
277573
288769
280839
283638
283171
286437
280838
285037
278507
288770
290636
283171
280373
283638
288303
283171
290636
279439
286437
278506
276173
290170
284104
285504
287370
287836
341019
350348
376473
334487
330289
338220
401198
411928
459978
422658
711427
1446647
1100030
1487233
1458309
1456443
1288033
1471838
1469039
1480235
992266
1472304
1551145
424057
413794
317693
306031
302298
310229
302764
336353
306963
305097
283638
287837
282705
284104
289236
289236
287837
287837
290169
281772
296234
288303
341485
290635
304164
290636
285504
294834
292968
308363
287370
308363
292502
294834
285504
295301
282705
284105
292035
289702
288769
282705
298100
289703
312095
280372
316294
284104
292968
286437
290169
294834
291569
310695
292035
309295
290635
315361
294367
285970
288303
292502
292969
293435
312095
290169
292035
292502
300432
287836
300899
291568
290169
294834
304165
306496
296233
294368
290635
285970
302765
288770
312562
289702
294367
289703
296233
288769
296233
292035
288769
312562
298567
292035
333088
323291
317227
319559
313028
319559
306030
296233
294368
299500
292502
312562
292968
311628
293901
288303
295767
294368
312561
300899
311162
297633
315360
322825
297167
295768
304165
299966
299499
298566
294834
295300
292035
308363
320026
320959
318626
313494
319559
312562
315361
315827
299499
312095
299966
299033
296701
301365
311162
299033
312561
310695
299033
324691
320958
323758
312561
321891
442252
429189
435253
438986
426856
449249
409595
450649
417060
370409
305563
301366
301832
329355
297633
307896
303231
299033
304631
307897
309296
295301
303698
305098
296701
302299
303697
303232
301365
338686
324224
316760
304165
301366
322825
305097
305098
298100
300433
299033
299499
301831
306963
303232
303697
304631
305564
303231
305563
318160
338220
327490
313028
331222
324691
350816
323758
317693
323758
327024
328889
307896
307430
305563
299966
314894
307896
299033
298099
322358
299033
305564
302764
298566
306030
309762
304631
305097
306497
304164
307896
306031
306031
303232
310696
366210
303698
309763
344284
308363
320026
305564
305564
307430
312561
314894
308363
323758
309762
304165
325624
313028
308830
307897
306963
306963
303698
320493
312095
310229
306963
304631
305564
305097
311629
314428
307896
306497
309763
307897
314894
309296
311628
308363
308363
302765
308363
314894
330755
313961
330289
313961
311162
308829
309296
310695
312095
315361
311628
308363
312562
302298
310229
312562
308829
309763
311162
313028
315360
333554
305563
313495
307897
312562
313028
315360
335887
306030
308363
348016
309762
314894
311628
316293
313028
310695
333088
314428
331688
315827
329356
394201
358280
352214
351749
345217
339619
336820
338686
331222
341019
309296
336820
318627
319559
324224
318626
314895
310229
314894
320959
342419
342884
341485
331222
335420
340086
340553
340086
344750
332155
335887
339619
344750
338686
339619
341952
341952
330289
326091
342418
325157
328423
363411
336820
338686
349883
343351
350349
341952
343818
336820
341951
341018
334954
314894
342418
316294
315361
313494
320959
321892
311628
320025
319093
317693
346150
320026
323291
324225
320492
408196
326090
338219
347084
348483
342885
348949
321425
323291
320026
324691
340086
333554
345683
317226
333555
373208
342419
341485
354547
355014
341952
347549
341485
353614
343352
347550
346617
350349
332155
322824
318160
325624
320025
319559
322824
319559
326090
321892
337753
337287
320959
322825
321892
324224
318160
322825
324224
326557
330755
348016
330755
318626
324224
318626
325624
325624
325624
320492
324690
362945
331221
319559
376473
343351
347550
350815
348016
347083
324224
326557
343818
327490
318626
326557
324690
346150
327489
323757
331689
327024
333088
324225
327490
332155
334488
320959
323291
327956
327489
328889
327956
341952
321891
331222
327490
327956
341019
339619
338220
353615
334021
329355
330756
330756
336820
334487
337287
327957
329356
331689
326557
353148
335421
346617
340086
339619
336354
351748
325157
331688
349416
328890
327023
349416
328423
421259
460912
470242
342418
321892
342418
327956
351748
334021
326556
349882
336820
326557
351282
326091
326090
334021
327023
348483
334021
330756
355480
333554
327023
347549
327024
361078
330756
329356
352681
339152
330756
391401
331689
327956
352682
327956
346617
325624
330289
349416
335887
334021
351749
332621
329823
391869
335421
421725
442251
422191
449715
1226921
513627
343351
345684
341952
339152
355014
336354
333554
340085
328423
358280
332155
337753
393267
329822
347550
355481
327023
340552
356880
329822
332155
362944
334488
334021
336820
336353
352682
331222
333088
349416
332155
340086
355947
332622
333555
424990
367143
333088
351748
334021
336353
346616
331689
342884
350815
333554
327024
354547
329823
362012
340552
332155
354548
340552
328889
354081
330756
333555
365277
334954
335887
369475
350348
348949
360145
347083
348949
376007
334488
333554
342884
341485
350349
400265
344751
368076
346150
342884
351748
332621
343818
370875
340085
337753
360146
344751
339619
363411
344751
339619
355947
340552
419859
472574
479572
452515
337287
355480
342418
339153
361078
345683
341018
348483
341486
340552
349883
342419
345218
345684
337286
358746
354080
352681
349416
356880
345683
347550
343817
348483
344750
344751
337287
346150
339619
344284
350816
347550
352215
348949
344284
341951
349882
351748
360612
347550
344284
348949
345217
344285
348483
347550
358746
343351
345217
349882
341486
344284
348483
347083
357813
346617
357346
361079
495434
485636
495900
481438
505230
479106
435720
355947
360145
350349
362479
383004
356880
346150
353614
346617
354547
352215
350815
343351
350349
352215
348016
350349
349416
352215
349882
354548
357346
349416
360612
362478
353614
362478
353615
342884
348016
353148
351282
350348
351748
356414
354081
353148
359212
359212
359213
354547
363411
355947
355014
358746
362011
348483
353148
353614
350815
354547
359679
362011
354547
356880
353614
354547
351748
360613
357346
359679
361545
358746
351282
356413
355013
360612
358746
356880
357813
352215
360145
359212
362011
358746
362478
359679
351748
356414
355014
356880
358746
351748
359212
354081
367143
367144
355481
366210
364344
359679
360145
358746
353614
358746
370875
364344
363411
357346
358280
364344
364811
362944
362011
360612
355947
359679
361545
358746
360612
357813
362479
361078
362479
363877
499165
492634
494034
366211
375540
387203
369475
351748
356880
365744
358280
362478
362011
363878
357346
402132
361079
366210
362011
367144
356880
364811
360146
362012
366677
359679
399332
377873
372275
471641
405397
391868
361079
362012
365744
362945
361079
372741
364344
367610
370876
364811
362012
369942
355947
362945
362944
361545
368542
371341
361079
367143
364344
365277
357346
364810
356413
367609
370409
360145
366677
383004
365278
363412
381605
373674
366676
373674
365277
362478
382072
367144
365277
369476
371342
376940
365743
365744
365744
366210
370875
361079
362944
367143
365743
363411
372741
363878
368542
366677
376006
361078
369942
363411
369475
370875
369942
368543
368076
367143
372742
376007
365277
371341
364811
360146
371342
383471
396533
376473
381605
411928
375540
373674
372274
366210
378339
383937
395600
374140
382538
371342
374140
369476
377406
366676
371808
371808
368543
369476
367143
374141
368543
379273
371342
368543
380206
377873
371341
374607
376940
376474
379738
393734
376940
382538
371809
386737
394201
369476
373208
373674
377406
371342
377406
374608
376006
372275
375074
381139
380672
374608
386736
386737
377873
383005
372274
381605
374140
369475
380206
371808
378806
373674
374607
378340
381138
377873
371808
375540
385337
373208
372742
388136
381138
373674
381605
376007
378340
380672
376940
379272
386736
375074
379739
378806
383004
377407
374141
379739
381138
372275
370409
378806
387203
382538
378339
372274
378339
387670
375074
372275
383471
378340
379739
378806
384404
381605
382072
379739
383938
385337
382538
381139
383471
380672
376007
374608
382071
381138
384404
386736
386271
371342
376473
408196
383471
383005
382072
374607
383938
382538
388602
389069
376007
385803
378806
377873
400732
384871
379272
379739
385803
394200
393268
506630
480972
397466
405397
385804
385804
390935
383471
390002
378806
388602
387203
393734
390935
388603
392801
382071
379739
392801
394667
383471
380672
408196
383471
384871
397466
383004
383004
388602
389070
388603
391868
392801
390935
384871
395600
388603
388603
381138
403997
403998
392801
391868
389069
384404
385337
395601
388136
381605
406330
387203
389536
388136
395600
386270
376007
397466
387669
392335
392801
385803
383938
391868
392334
389069
384871
389069
392335
379739
387669
395600
386270
408662
405863
394667
392334
398400
392335
397466
390468
384404
395601
386270
396999
395134
389069
393734
386737
383938
385803
392334
395133
390469
416593
385804
392801
392335
384871
385804
392801
405397
398400
390468
386737
402597
388603
397466
399332
391402
384404
395134
393734
392801
396533
397933
394667
390935
392802
401665
388602
390003
403531
396534
388603
391868
398399
393267
397000
391401
420325
386737
385804
399332
394668
394667
403998
392334
401198
396066
397466
422658
395601
394667
402597
429655
407729
394200
397466
402598
403998
390002
397933
403531
397466
400265
390002
397467
397000
402598
415660
403531
403997
393267
397000
402131
399332
404464
404930
398866
394667
410062
405864
399799
392335
396067
390002
402598
396533
394667
396534
398399
397466
403065
400731
398866
398866
399799
402131
404931
407730
410062
402132
397933
401665
408196
396067
399799
418459
407730
401199
394200
400266
392335
397466
406330
402131
403064
400732
408662
405397
403064
400266
404931
403064
410995
398399
438053
409595
400732
399799
410062
408663
402598
400265
403064
407263
403998
414261
422658
407263
409129
416593
410528
395134
401664
401198
401665
407263
406796
409596
437120
403065
402131
411928
403998
410528
402597
407263
416126
402132
408662
399799
414261
407263
412394
404464
445983
414261
397467
398866
411928
422192
403998
407730
403530
397933
409596
403531
412861
401665
402131
402132
407263
406330
397467
401665
410062
415194
401665
408196
515494
435253
410062
404930
416593
400732
418926
412394
434787
421258
433854
424057
411928
421259
414261
412394
410062
413794
414261
410062
406796
406796
410062
409129
409129
411928
425457
419858
409129
408196
410529
413795
407730
403998
404930
407729
398866
415660
416127
403998
414727
418926
404464
406796
417059
416593
413795
413328
417060
414261
414727
474907
410995
407263
410062
417060
405397
409129
413794
420792
409595
429656
432921
419393
404931
412395
417059
412862
417059
413328
415660
415660
422191
424057
430588
431055
431522
422192
424057
414727
422192
411928
414261
418459
426856
416126
429656
420325
417992
407729
414727
416593
415194
409129
412861
423124
407730
418926
410062
418459
418459
417526
415660
440852
436653
413327
411929
421258
417526
414261
413328
418926
419859
413794
416593
409129
417993
426390
419392
411462
425457
416593
417993
421259
417993
418459
414727
440385
424524
419392
428255
422192
446917
421725
427323
420325
433854
430588
547683
588735
622790
577539
583604
578472
616260
592001
430589
433387
418926
416127
426390
425924
424990
421725
440385
418926
412394
421258
418925
429656
420792
422192
423125
425923
424058
412394
419392
430122
423591
413328
418926
423591
428256
454847
421725
426390
417526
426390
425923
431988
430122
422191
421259
422658
431988
427323
436187
424524
424058
425924
419393
422658
429655
427323
423591
445516
441784
438519
429189
430122
433387
444117
426857
422658
424990
428723
418459
424057
423591
429656
424523
435720
431988
428256
431055
427789
422658
423591
422192
431521
455314
431988
424057
425924
429655
422192
426856
424524
426856
430589
437586
432921
431521
428722
445984
432455
426856
424991
428723
431988
432455
427323
417993
432921
426857
429189
427789
435253
430589
426390
429189
439919
427789
427322
433854
433388
434787
438053
428723
434321
438986
425923
451115
427789
428256
429655
509895
597133
592467
594800
595266
513161
439453
430588
440386
440385
427790
429189
435253
438519
429656
438053
439919
439452
433854
430588
440852
429656
419392
422657
433854
439452
431521
425457
437120
457180
429656
440386
429655
434787
440386
430589
426856
436187
438052
433387
440852
432921
443651
447849
433388
425457
430589
432454
443184
432921
431521
429189
437120
439452
430588
426856
440385
442251
461378
444584
438985
442251
432921
445984
520625
602264
610662
471641
447849
443184
458579
445517
442718
446450
436653
444118
436187
431988
442718
440385
444117
522024
445983
438519
438519
441318
440852
462311
447383
435254
441319
434320
438519
607396
615793
617192
623723
621858
607396
622324
652647
627456
613927
632587
491701
447383
440852
443651
445984
440385
438519
441318
449248
552348
438519
431988
442251
460445
445983
446450
445051
442718
446450
439919
456713
591068
587336
645183
635853
610195
542084
452981
448315
449249
441319
464178
442251
439919
453914
449249
444583
444118
449249
448782
445050
440852
458579
444117
430589
438520
446917
450648
442251
448782
454847
449716
455313
446916
445050
454380
452048
441318
449249
452981
446449
449716
447850
431055
431988
450182
440852
444584
446450
446450
441319
444584
452981
449715
448783
442251
445983
443185
452047
444584
453914
486104
447383
453913
453447
465110
441318
451115
520625
613461
605063
501965
445517
451581
451581
442717
442251
456713
447383
445983
452981
457646
463711
445983
450649
448316
453448
456713
459513
456713
447383
451582
445050
450648
453914
455313
453448
446449
452514
449715
442718
471175
455313
458112
460446
447383
455314
460912
636786
623723
628855
626056
634453
619525
620925
639118
628855
632587
651714
661977
635386
625123
688102
652181
644250
495433
482837
469776
471175
463244
466043
637719
625590
455314
455780
466043
519225
486103
518759
453914
461845
456713
461844
459046
457646
459045
463711
461378
459978
454381
464177
468376
460445
451582
455780
469775
466510
454847
454380
461378
458579
455313
478173
466510
465110
462311
461845
484237
466043
461845
455313
462311
463710
455780
478639
457646
459046
462311
461844
451114
465111
466976
605530
457180
460911
490302
522957
467443
463244
454381
464178
458113
513161
475840
478173
465577
471641
465110
455313
466043
456247
455314
466043
471175
460912
468376
460445
463711
452981
463244
461845
466043
460912
460445
463244
467442
463710
459046
460445
460912
470242
462778
485637
463244
459512
466044
454380
462311
461378
463245
462778
463710
459512
464643
468376
466510
460912
463711
459512
460912
468842
466043
461845
459978
470708
463710
464644
462311
465577
459979
458579
464644
459046
466043
458113
470242
459512
473507
506163
470242
461378
469775
471641
475840
479572
465576
469309
470708
467443
463711
474907
461845
477239
467442
485637
456713
467909
465110
466509
475840
465110
474907
464177
466510
472574
473041
479572
459979
478639
468842
469775
475374
475840
468376
472108
461378
465110
457180
464644
481438
487969
493568
484704
676439
513627
469308
468842
473041
469309
478639
470708
474440
474906
474440
476772
472108
477706
480505
469776
470241
469775
477705
470242
492634
483304
477239
476306
461379
473041
474907
490768
479105
468842
473508
477239
477706
477240
471641
469309
475374
480505
479105
465577
485637
481905
472575
478639
472574
473041
472574
476773
473507
472574
472108
475840
491235
519692
476773
479105
480972
482371
494501
480971
477240
478639
476307
476773
471642
488902
478173
483304
480972
476773
481438
488435
484237
507563
480039
481904
471641
480039
487503
474907
483771
476773
470709
475374
483771
477240
476306
481905
489368
479572
481905
501031
473973
487036
483771
477706
501964
478172
475374
473041
479105
487502
479106
470241
467909
473507
479105
478173
485170
483771
478172
479572
474440
482837
475374
479572
508496
496367
497766
482371
485636
492635
520625
471175
487969
505696
514560
503831
485637
485637
489835
478172
486569
489368
531821
485170
493100
481905
484237
480039
476306
486569
487036
554680
486103
471175
491235
493567
497766
475840
493568
492167
492168
488903
480505
484237
482838
482371
491234
492168
524823
507096
495434
501498
473040
480972
481904
482838
486103
668975
483771
482838
483304
466976
480039
478172
482371
480972
473041
500565
464644
478173
469309
483771
522957
480505
486103
479106
483771
478639
476773
480505
483304
484703
501032
481438
476307
504297
486103
477706
473508
479572
501498
489835
479572
474906
471641
475840
478639
484237
478639
488902
478639
477706
484237
480505
484238
485637
480972
478639
494967
487036
485170
480505
488902
481438
480505
483304
500565
487969
494967
484704
482837
629321
663843
648449
662911
668509
662910
668509
574740
492635
498232
486104
487503
490302
476306
483304
488436
502898
494967
502431
508962
480039
481439
506163
493101
486103
474440
483771
523890
500565
515493
489368
495900
479572
497766
495900
487970
513627
510828
501498
500565
496366
505230
485637
489369
494967
508962
498699
505697
509895
497299
495900
508029
490301
495900
518292
498699
500098
496367
497766
492168
488903
592467
522491
511295
503364
497300
498233
506163
515493
498698
501032
503364
510362
497766
501031
500565
490302
501032
499165
516427
498699
508029
492634
498698
511761
489368
526223
494500
492168
503364
493101
507096
504764
521091
496367
529489
500099
521091
496366
499165
498233
496833
499632
500098
505231
498699
508962
497766
518759
501965
504297
493101
506630
499166
512694
499632
535553
522957
659645
566343
526223
496366
511295
500099
500565
496833
511761
507096
501964
502431
503364
507096
504763
505697
510828
499165
508029
499165
502431
509429
506163
511762
510829
511762
504297
504764
494033
504297
506629
508496
500099
509895
500565
529489
520159
515960
522024
517826
530888
512694
505230
500099
503364
511761
514560
504763
511761
506163
513627
523424
510828
506163
512228
503364
504297
509429
508495
507563
510828
522491
508496
501964
503831
511295
513627
551414
513627
520158
511295
507096
513161
506163
518758
511761
505696
515493
497765
513160
510362
528089
513161
531355
520624
529488
505697
509895
509895
508496
499632
507562
522490
535554
521558
522025
539751
508030
505697
516427
530421
515960
508962
517826
508496
532287
514094
528089
534621
527623
712827
541151
541618
523424
519691
520625
510828
519691
510828
519692
532287
562611
513161
523424
526223
506629
510829
526223
533221
515960
512695
523891
520159
514561
508962
515959
513627
511762
532288
508029
521091
528556
505697
525290
506163
520625
510829
540218
525290
518292
515026
500099
518292
536020
515493
529489
535553
533221
542551
531354
516893
513627
528089
521558
515026
515960
517359
522025
520625
509428
516426
524357
520625
545350
515027
524824
519691
523424
528089
518759
525756
511295
511294
528556
530888
527622
515960
510362
523424
515493
518292
524357
511761
520159
521092
519691
514560
515493
524357
525290
517826
542551
522957
529489
520159
522491
517825
518292
521558
512228
524823
517359
514094
515960
519225
529488
505230
516893
525290
522958
584537
521091
522025
530888
537419
531821
533687
544884
569608
517825
518293
522025
523891
527156
518292
510829
526689
525290
524357
542085
541151
544884
524823
525290
523423
521091
530888
521091
518293
533220
513628
519691
515493
530422
522957
529488
533687
538818
532754
528089
527156
525757
524357
525290
526690
529022
529955
528555
522958
531354
535553
511761
528556
545350
567276
524357
596200
779538
546750
529955
548149
526689
535087
559811
537886
534620
533688
547216
539752
529488
534620
529488
530888
529022
530888
524823
525290
526223
540218
542084
563077
531355
536020
531821
551881
540218
557012
548149
536019
533688
535553
535086
528089
515959
526223
526689
526690
528555
531821
540685
530421
522958
515027
529955
540219
527623
545349
547682
526689
536953
551414
543950
536486
540218
533687
535087
525757
518292
539285
536486
523423
536953
533220
541618
528555
541618
535553
557479
553747
558879
529022
541151
551881
556080
568209
562145
543484
546283
553747
549082
526223
527623
540219
531355
532754
538352
529489
538353
553280
538352
533687
542084
545816
545816
533687
551881
516893
567276
554680
548615
532754
541618
550015
598532
656379
546283
535086
530422
539752
527623
536487
556080
555613
542084
536953
535087
557946
561211
566810
546283
550015
545816
558879
543017
536020
537885
550015
542084
535553
541618
538352
545816
543484
547682
550948
531355
546750
546283
537419
533687
554214
548615
530422
545350
542551
542551
537419
532754
597599
566343
571008
550015
562145
527156
558879
576606
541617
535553
540218
539752
534620
545350
573807
540219
573340
568675
546750
540685
529488
570075
542084
534620
553747
564477
548615
548616
544884
561677
542551
540218
541151
548149
534620
534154
549082
542551
548615
548616
548149
574740
547216
573807
544884
548149
547682
538352
543950
542551
553280
551415
540218
543484
537886
541618
543484
551881
547682
536486
553280
551881
555613
547683
547682
541151
557945
574740
564476
564011
556079
553747
544417
555146
550015
551881
552348
554680
555613
549082
547215
545350
553281
550948
552348
547215
553747
557479
553747
545817
553280
551881
548616
548149
550481
555146
556546
545350
545817
547682
552814
556546
560745
564943
587336
674573
548149
566343
557013
542551
546749
552348
557013
549548
547682
544417
553747
560744
547216
547216
574740
550481
560278
561211
573807
554213
558412
564944
584070
564943
551415
558412
575207
556080
560279
548149
557012
552347
563078
551882
560278
552814
560745
580338
565876
556080
564477
551414
553747
560745
580339
557012
559345
556079
567742
566342
557013
564943
552348
563544
552348
557946
557012
550482
561211
549548
573341
560278
562144
562144
557013
555146
567742
566343
560278
547215
574740
566809
558412
552347
561211
554214
553280
557945
576606
561211
558878
555613
584070
559345
547216
555146
585936
568209
558412
564476
554680
550948
586403
556080
560278
571941
561678
789801
576607
564944
568675
579405
562144
562144
555613
554681
554214
560744
566809
566809
562611
566342
564010
571475
570541
582204
559345
560744
555613
559811
561677
573807
566343
574273
588269
564010
563544
579871
620925
569142
563544
570542
562611
575673
565410
612993
572407
577539
590601
574740
563077
584070
576139
570075
566342
568209
571008
577539
572408
563078
559812
569142
568209
559345
1830584
2161807
2111890
2145012
2140813
2150143
2230850
2223385
582204
564943
557012
560744
570075
574740
560278
571008
565876
565410
572407
572874
581738
785602
589668
568676
568675
573807
593867
561678
565410
565877
577539
562144
567742
571475
548616
562145
570541
569609
574740
576606
574273
556080
564944
574274
564476
569608
563543
584070
571007
568209
562144
571474
562144
562611
592933
589668
589668
626989
574273
575206
559812
561677
577073
577073
566343
565410
590602
576139
575207
570075
583604
566809
578472
575207
575673
568209
605530
581271
581271
581272
585936
566809
566809
574273
585003
567276
568676
558879
579872
573341
569142
572873
598066
581271
586869
564477
576140
576606
599932
571008
571474
564943
575673
583137
576140
582204
578472
576140
749215
765076
640051
582204
572874
572874
581272
566810
585003
566809
585936
578472
682037
638652
591534
623723
598066
585003
597133
577073
573340
562611
579405
574740
585003
570542
579871
582204
574273
581737
562144
585003
589668
570075
597599
594333
573807
577539
595266
608795
582670
582204
594800
585936
608329
637719
585936
583137
586869
583604
580338
586869
572874
588269
568675
585003
579872
596666
573340
612527
579872
598065
611128
595733
593401
583604
578939
585469
587335
580338
580804
582671
572408
565409
578473
578939
571941
594800
575207
580338
586869
597599
584537
578006
581271
580805
599465
608329
581738
588268
589668
581272
587802
582671
581271
580805
590135
575673
582205
803330
647516
592001
589202
591534
581738
590134
712361
603663
592467
597599
593867
571008
581738
582204
593867
590601
598532
612061
602264
587336
583603
594800
594800
598998
595733
590601
579872
592000
627922
590135
585470
587335
587803
612994
586402
591068
583137
608329
598065
639585
585470
601331
612994
593867
580804
605063
589669
584537
591068
586869
585937
608329
587802
611594
609728
605996
615327
616726
594800
608795
590601
583604
583604
582670
585936
593400
598532
577539
612994
609261
590135
589202
596200
612061
612527
609728
594334
580338
577540
581737
591067
590135
590601
593400
597133
615326
590601
603664
618592
600398
608329
582670
597599
597599
595733
588269
588735
593401
595733
597133
597599
673640
816392
853713
615326
589202
606462
604596
623724
598532
593401
589668
596199
594800
596200
582671
590135
595266
603197
616726
600865
622324
594333
598532
598998
600398
609261
602731
594800
604597
593400
609262
644716
595266
587802
587802
612994
597132
601331
594334
603663
597599
605996
606462
608329
630721
604596
597132
603197
591068
602730
600864
642384
589668
604130
622790
598532
617659
641451
604130
603663
595733
638186
612061
591068
601331
587802
597599
614859
597599
611127
590602
620458
625123
611595
605530
604130
607862
611594
595733
590601
596199
626056
608795
616726
617193
602731
608328
607396
594800
597599
605530
588735
601797
592934
599465
633520
658712
609262
723557
799131
736619
600864
679705
813127
768808
621391
637252
608795
612061
605530
618592
608795
627456
592467
596200
593401
619992
603664
727289
620458
598066
605063
604130
591535
587336
617192
612061
610662
619525
598532
607862
613927
595733
588735
586403
589202
598532
617659
610195
606462
601331
672241
691368
689501
720757
623723
618592
623257
625123
632121
605530
592467
595733
596200
614860
622790
597133
607396
606463
597132
612528
615326
617659
639585
624190
611594
603197
599465
605063
595266
603664
628856
611594
622324
619058
635853
603197
602730
596666
577539
593401
609262
627922
620458
647049
620458
793999
808461
813126
856046
864909
848114
620924
619525
609729
616259
618592
604597
617659
613927
600865
653113
616726
629788
613927
627922
614394
644717
656846
615793
610661
667109
612994
605530
612527
605530
608329
608328
611594
629788
613460
625589
631654
621858
623723
610661
616726
613460
643784
606929
628389
624190
616260
611594
615793
599465
615326
638186
605529
611128
621391
637252
611127
605063
620925
619058
628855
619525
607862
621391
625123
628855
628856
615326
625123
619525
622324
615326
642384
624190
633053
637719
617192
619525
605063
619992
644716
626056
622324
623723
633053
631654
617659
604130
609262
631654
640518
629788
666176
628855
627922
645650
622324
848114
634454
637719
630721
637252
623257
625590
639118
612527
615327
615793
618126
626057
635387
658245
627922
624190
638185
668042
634453
637719
637719
620924
620458
621857
636786
609729
631654
620458
641451
639118
614860
624657
626056
646116
625589
615326
633054
632121
625590
629321
619525
624190
613927
640984
633521
638652
647515
629788
635852
615793
625590
639585
631187
654979
628389
626523
616259
623257
642384
646116
638185
647982
626056
616260
626523
631654
627456
645649
640517
642384
622791
628388
619058
631654
610661
645650
636319
645183
638186
631654
637719
614860
619992
634453
639118
655912
631188
650315
633521
717959
681571
630721
641918
635386
622790
651714
617659
637719
628855
641917
626522
632587
627456
682970
665243
628389
689968
646582
633054
654979
634919
626056
654514
643317
649848
616259
633520
666176
633054
629788
635386
620924
648449
654047
640984
634453
637252
621858
623724
641451
2405791
2384332
2398793
2331615
2406258
2395994
2366137
647049
631188
637719
636786
631654
622791
631655
640518
646583
636786
642851
637719
634453
634920
631188
643783
644716
644716
648449
635852
638652
888701
888235
866775
876571
670375
639585
633521
636320
654046
644717
638651
631654
623257
646582
639118
649848
643317
658711
643317
643317
623723
654047
650781
640518
662444
635386
633054
628388
661977
654980
660111
645650
630254
642384
663844
625123
638186
647049
633520
642850
635853
628389
657312
640051
640052
670841
644250
642384
623724
644717
639118
651247
681104
642384
635853
645650
674573
643317
643317
672707
640051
644250
644716
659645
662444
651714
686702
636319
630721
633520
657779
664310
643317
673173
638186
645183
644250
654047
654046
660578
663377
638185
665709
652180
642850
639118
677839
658245
682038
640518
647515
662444
653114
640051
644250
669442
641917
644717
633986
655913
688568
665710
679238
633987
647049
658245
652180
670841
654047
669441
655447
654047
641450
653580
647516
640051
646116
647516
655447
652180
635853
647982
642851
654514
676439
645650
665243
656846
637719
639585
639118
637252
673174
688568
683904
664776
698365
641917
641918
654979
666642
652181
648448
650314
659179
646583
645649
653114
669908
638185
649848
652180
651714
663844
642384
643317
665242
651247
661511
667575
670374
644250
644716
665243
654513
659179
683904
634920
655912
661045
654513
646116
666643
661511
768342
661044
652647
667575
706296
665709
799132
659645
646116
650781
665710
655913
683904
650781
668975
661977
653580
654047
675506
686703
667575
649848
659645
661045
645183
666642
649382
658712
654513
664310
667109
642384
645649
652180
671774
656379
656846
668042
642384
654047
670374
670374
659644
658712
659178
648448
646116
678305
654047
661044
639585
658712
654047
644717
664310
649848
658245
654980
653581
652647
719824
670374
657312
648915
652180
659644
647049
677372
655913
647049
649382
677372
648448
658712
644250
652181
645183
652180
676439
651714
650781
649848
655446
652181
646116
640052
654047
661044
662444
905496
901764
926489
961010
907362
682037
675040
703497
684836
659178
676439
671774
654513
642384
648449
667109
662444
661511
667109
667109
658712
672241
674106
681571
649849
656845
662444
668042
697432
695566
660112
666176
671307
663843
652180
647982
660111
674107
677372
640984
647049
654513
834120
877504
776739
668042
683904
647516
674107
688568
671774
671307
675506
671774
659645
654046
681104
664777
666642
642384
657312
674106
760878
952146
908294
895699
882637
870041
849980
870508
844383
669908
680172
683904
673173
664776
675506
689968
685770
679238
884503
928354
707695
679704
712827
694166
673174
664776
661978
689968
664777
678772
665243
679705
707695
686703
669908
674573
668975
697898
668975
683437
671307
664310
691834
671774
674106
657312
666642
714226
659179
670374
672241
672707
692767
679705
667576
660578
677839
699765
676906
668042
665243
669441
671774
678305
770207
674106
691834
705829
696966
683436
684370
660578
692767
677372
674573
670375
687635
676439
703496
675506
663843
687636
686236
677372
672707
687636
691834
676439
688102
675506
699298
686236
670841
675506
672240
690434
668042
693700
669442
673640
664310
684836
687636
674106
672707
716093
681105
673174
698832
675972
686236
675973
681570
690435
697432
663377
675506
693700
680171
669908
682504
685769
682038
705362
686236
677839
692300
694633
689035
692767
680637
692767
699765
671774
682038
668042
684370
697898
696966
682503
670374
681104
683903
660578
677839
697432
709561
842517
695566
686702
696499
687636
675973
681104
694166
686702
693233
682503
691834
693234
725889
678772
682037
687636
705363
686702
669908
666643
688102
703031
672707
682037
700231
692767
703030
677372
682504
684370
691834
684836
670375
694166
696966
710961
682504
679238
688102
687169
680638
723556
686703
784669
712827
676439
684837
689035
708162
680638
665243
681105
682503
736619
681571
691368
677839
723556
690435
679705
695566
731954
692767
681105
696499
682970
689968
689035
686236
698365
706762
697432
689968
687168
675040
697899
705363
680638
690434
689501
690435
714226
678306
679705
689967
700697
717492
679238
687636
675972
711428
699298
684836
680171
705362
683903
676906
686702
675972
682503
710028
692301
700697
689501
723090
697432
718425
712827
709095
682503
682038
694167
703497
675973
670374
703030
693700
703030
665243
692300
692300
699764
897564
903163
959144
951680
679704
710494
706295
684370
683437
695100
711427
706762
684370
732887
699765
684837
680637
682504
699765
707229
681570
710028
816392
684837
671308
717492
711894
690435
669908
711894
738952
710027
691367
696032
703031
699298
686236
699764
708628
700697
675040
707229
782803
691367
686236
690434
701631
701631
694167
701631
720758
685769
676905
691834
695100
711428
688569
684370
723090
707228
711894
703030
897098
936751
681105
708161
695100
674573
673173
711894
705363
690434
676906
695566
732886
716093
674573
695099
719824
706295
691367
920890
927888
952147
831320
708162
685303
692767
682037
709095
712360
688102
686702
697432
702563
697898
684836
710494
702564
696499
685303
827121
697899
696499
706762
695099
710494
704430
708161
727755
727755
725889
705363
695100
720291
691368
705829
703963
711894
729155
704430
715160
717026
700697
699764
729155
714693
717492
700697
704897
714693
688102
692300
720757
718425
699298
709094
721691
711893
712827
688102
701164
715626
699299
682038
720758
706762
699298
710494
725423
696965
705363
705829
716092
703030
715626
700231
711894
711427
712827
712360
748281
728688
708162
704430
951680
972206
972672
721691
717026
738018
710961
707229
716559
724490
729622
711428
708628
733820
702097
712360
698365
701631
709561
717492
728688
713760
714226
726822
705830
691834
693700
707695
739418
711894
712360
704896
714693
695566
708162
736152
713760
710028
729155
701631
700231
723556
723090
696499
720291
729155
719358
697432
707695
724956
695566
700231
715626
712360
733819
727288
708629
718892
700697
720757
723090
730555
708162
715626
708628
695566
711894
705363
718425
733354
701164
706762
720292
736152
708628
713293
715626
723090
710961
735219
731021
708161
726822
710494
728688
710961
710028
703031
723090
721225
747348
716092
724024
699298
724023
739418
731020
704896
709094
707695
710028
702563
716559
697898
709561
716558
745482
736619
703963
713760
720291
714226
717492
720758
761343
723091
717958
726356
751547
742684
707229
721690
728221
724489
706296
736153
725423
724956
718891
718425
740818
710495
721224
709094
741750
702097
746416
734286
708628
717958
720291
707229
739417
743617
732420
712361
745016
731487
756212
699298
733353
788868
712827
707229
734286
713760
731954
794000
883570
990400
757612
731021
724956
737552
710494
728222
725889
724489
713293
732887
740351
722623
725423
752014
710028
728222
727755
730554
724957
731488
725423
720291
729621
733353
724956
737086
740817
734753
703497
702564
735686
729621
755746
758079
734286
724489
733819
737552
729621
698365
724023
720291
713293
727289
720757
720291
738019
721224
723557
698832
735220
739418
715626
727755
720291
877038
739418
740817
714692
708628
725423
734287
744083
740351
707695
738952
724956
716092
736152
731487
737086
750614
736152
743616
715160
962409
1016524
961477
982936
987601
979204
1000664
734286
733354
733820
717958
732420
733354
872374
731954
728688
725889
709095
759945
720291
720291
737085
734753
708629
739418
731487
753414
723557
743150
763210
722157
772073
724023
730088
724023
741284
723557
735219
750147
715626
719825
747348
755746
722623
750148
741751
731021
734753
738952
754812
744083
780471
752013
740350
732420
737552
735686
732420
745016
722623
730088
724956
746882
725423
745016
739885
708628
793066
725422
727289
749682
746416
739418
738485
745949
739884
735219
758079
755280
734752
743616
729155
720758
738018
1009993
731020
736152
741284
745016
748748
767409
739418
740818
738951
787468
731487
738485
739418
738485
731020
743616
739418
777672
759478
728688
740351
741284
755746
768341
745016
748748
745483
727755
742684
755745
730554
745483
761343
726822
742217
749215
751081
761344
776738
728688
751548
755746
738951
744549
768808
741284
742217
758079
745949
742217
747348
740351
724490
752480
755746
734286
751547
762743
731954
748748
740351
740351
771140
750614
745016
762743
764143
727289
750614
745016
736618
742217
763210
766008
732420
764143
754813
731021
744550
746416
746415
747816
754346
740351
752946
742683
737085
746415
745483
733820
737552
738018
750614
759944
748282
740351
741751
739418
767875
759011
777205
768808
747349
758545
755280
738951
753413
752946
745482
761810
752947
745949
774406
805662
758078
745482
758078
747815
812194
775805
735219
753880
770674
747348
738018
745016
731020
756212
763210
728221
750614
756212
729155
764143
747348
753413
738951
788868
756213
765542
744549
761343
741284
750147
756213
758545
765076
746416
767875
754346
751547
752946
729621
758545
734753
762277
745016
726822
770674
750614
746416
763676
755745
745483
756212
759478
760411
881703
892433
761344
749681
737085
766009
765076
735219
742684
747815
727756
766942
749214
740351
759944
754347
738019
752480
768808
740817
831787
977338
1040317
1010460
1071107
903629
756679
775805
795866
771141
749214
758545
742684
752013
750147
764143
736619
752013
753880
794466
763676
757612
762277
816392
891033
768808
759944
761810
772540
748749
751548
759944
769741
932553
889167
1084168
1072972
1022589
1025855
1002996
1060376
1024922
773473
787002
758545
770674
773473
764142
766475
785603
748748
770208
764143
759944
775339
801930
771140
765542
765543
756679
766009
753880
747815
752013
755279
751080
773473
765076
765542
765543
764609
759012
770207
762743
759477
771607
865375
779072
781870
762744
772074
759011
774873
756679
758078
766475
781404
748282
757146
752480
747349
736619
771607
763210
778605
786536
784669
760411
780471
778605
756679
756679
758078
764610
748282
766476
774407
759011
770208
758544
759478
760411
759944
766476
779537
777205
764143
755279
753414
746882
757145
754813
745949
767875
756678
765542
742684
765542
752947
783270
774406
772540
770674
767409
770207
768808
762277
749681
852780
955878
767875
767408
760877
776272
785135
757145
782804
780471
763210
777672
842050
789801
792134
794933
755746
751081
779071
780004
773474
765542
791200
773940
779537
772540
768341
758079
773940
757145
766009
801931
774407
765076
760877
783737
774872
777205
758078
783270
779071
758545
767409
788401
772540
770208
770208
782803
786536
765543
783270
793066
854645
780470
779538
800530
778605
771607
765076
787935
768341
761344
787935
766476
784669
751548
784670
783270
788868
783270
796332
773473
776739
775806
769275
779071
786535
812660
788868
765542
772074
789335
769741
751081
761344
767875
785602
797265
759477
765542
772074
776738
778605
771607
820124
834586
788868
792600
776739
846715
791201
789801
766475
799598
778138
768808
775805
767409
785136
787935
773474
767875
773940
768342
793533
777672
792600
784203
772540
782337
782803
773007
789801
789334
805196
1012326
1031920
1065975
1062709
1031919
758079
767875
766475
752947
785602
773006
772540
773007
765076
770674
779538
761811
787002
765543
770207
795866
750615
761810
766942
764609
751547
762743
765076
782337
766009
762277
765076
772540
749214
1048247
776739
779537
760877
767875
779538
749681
780938
766476
768341
767875
813126
766942
780937
780004
780470
776739
814526
767409
770674
771141
775339
765076
769741
761344
754347
778139
785136
756679
777672
796799
764143
779538
770207
771140
772073
766942
774406
1014192
1046382
1042183
842050
773473
756678
766476
769741
778138
768808
780471
777205
805662
780004
777672
782336
849048
786535
779538
790268
798198
796799
789334
785136
809395
798198
791667
805195
779071
796799
780470
782803
792133
828055
798665
788402
807529
809394
792600
799597
781870
783270
805662
788868
833653
785136
786069
782337
790734
800998
803330
805662
799598
764610
795866
820590
786069
807995
795400
777206
796798
782804
803796
785136
787469
784203
817325
784202
775339
818258
791667
807995
796332
780004
831787
1026321
833186
786535
784670
793067
799598
794933
799597
798198
788401
816392
811261
818725
805196
793067
787468
803330
771607
787935
764610
793533
791201
787002
800997
807528
798198
787002
787002
798664
816392
818725
800065
795399
802864
796798
801930
809395
806595
781870
903163
809394
776738
797265
836918
798198
781871
799597
800997
800997
797732
802396
807062
795866
802397
812660
808928
839251
808928
797732
784203
796332
809861
801463
810794
797265
815925
787935
790267
788867
768808
841583
991334
825255
815925
800997
793534
832253
904563
1010927
963343
818725
802864
814059
808461
810328
817792
825722
800531
803796
805195
807995
813127
810328
785602
819191
800531
811261
811260
817325
820124
798198
784203
812194
822457
795865
802863
830854
776273
802397
813593
812660
823856
790268
815926
799597
813593
812193
798665
832720
807062
818258
835519
799131
792134
816859
806595
807528
791667
808461
795866
807995
811727
798665
817326
820591
816392
818258
825723
808928
804729
806129
813126
809394
785603
805663
811261
802397
833653
799598
814526
826656
829454
814059
811261
799597
809394
810327
808928
826189
813593
805663
828987
796332
812660
831321
818258
815926
802863
802397
835986
812660
818258
820124
828521
816859
820124
782803
1141549
1060843
912027
894299
854646
1003462
1258177
835519
822457
836918
815459
837851
821523
803329
844383
828055
825722
824323
815925
826189
801930
838318
795865
817325
824322
818725
822456
817325
824322
806595
838318
814059
844383
814526
828988
810328
791667
815926
798665
827122
834119
835519
826188
844849
801930
818725
809394
823856
816859
819191
825256
790734
828521
801930
815459
800064
828055
808928
827588
825255
804729
818725
812660
816392
828521
819658
808928
816393
829454
842517
948881
818725
822456
801464
821524
823856
835986
843916
840184
818258
819191
811727
794466
811726
811261
844383
834586
825722
812660
795399
818258
801464
816392
836452
835986
821524
833186
805663
817792
842983
826189
810794
829921
841583
835052
831787
826655
814526
843916
816392
820591
802864
820591
833653
833653
838784
809395
835985
816392
834119
818258
840650
835053
838784
820125
833187
834120
814993
823390
815925
823856
809394
834120
829454
837385
831787
821057
832719
873306
1129420
1064575
859311
859777
843449
799598
848114
830387
863510
820590
809861
803796
854646
866775
846249
838318
862576
837852
833187
833186
811261
838785
828987
824789
840650
843450
848115
847648
818258
829921
819191
822923
816392
809861
828521
815459
825722
833653
804263
814526
821524
807995
820591
830854
820591
800997
816392
802397
821057
811727
923690
811727
824322
813127
807062
807062
818258
797732
814059
814059
809395
819657
818258
809395
811727
806128
815926
812193
861177
814993
1074838
1081836
879837
830387
813126
824789
856512
851846
804263
816392
803329
810794
830388
814059
799131
809394
815459
814526
815926
817325
820591
828987
819658
816858
821990
811261
821990
821057
832253
1087901
1098164
825723
821990
826189
801930
834119
819658
807995
828988
807062
864442
821990
809861
811261
829454
835052
823856
823390
816392
842983
807062
812660
814060
803796
825255
824322
820591
809394
828988
825256
846249
838785
830387
831787
816859
819191
801464
812193
853713
1096298
1135951
1083702
834120
820124
982003
843450
814059
826189
830854
835519
822923
830387
833653
829921
828987
812660
822457
815926
825723
814059
835053
870041
832720
819191
850914
839251
826189
832253
842983
825722
856512
842050
842050
828522
816859
842050
869108
859310
851847
871907
850914
856045
838318
831320
838785
828521
858845
841117
873306
838318
829921
864442
851847
849047
846715
859311
847649
818724
859311
838318
850914
893832
864909
853246
853247
849980
815925
844849
842984
982469
852780
863976
839718
849048
867708
855579
847648
850914
851847
870041
830853
856046
814993
840184
839718
842983
870973
862577
834586
894766
840184
849048
843916
845782
843916
857445
854180
858845
852779
870507
860244
862110
870508
896165
858378
927888
1169539
875172
858844
842517
845315
828988
830854
842517
828521
856978
856512
851380
860711
874705
852313
850447
862110
858845
861644
847648
846715
842983
856045
882170
842050
853713
845782
864442
846715
875172
840651
830387
831320
889167
851380
845316
843450
856045
852314
842517
844849
833653
867708
862577
846249
850447
863976
852779
841117
861643
865842
866309
853246
857445
840184
868641
835519
849048
844383
847648
828521
855579
855112
848581
1093032
1118224
868175
849514
850447
855112
857445
834586
874240
852780
858844
862110
862110
846248
867708
873306
876572
859777
854180
900364
851380
839251
848581
858845
841117
839717
886835
865376
863510
866775
856045
857445
858378
851846
878904
856046
847649
846715
867241
872373
849981
855579
864443
849981
850448
844383
845315
857445
859777
837385
835986
844382
842050
826655
852314
840651
865842
847181
840184
846249
856978
847648
828988
834119
834119
837852
840651
863510
1154145
1171406
1047314
830854
849515
852780
856045
838785
834120
847181
1009060
1116825
957278
857445
835053
841117
848581
985269
854180
820590
837385
842050
847182
881237
824789
842983
860244
830387
835985
871441
863509
842983
857911
843917
853713
842983
849048
842517
846715
842516
851380
826656
852314
849047
840184
853246
847648
850447
858378
846249
862577
851847
850914
859311
849515
850447
859311
921357
862577
852780
863510
874239
846715
841584
843450
844382
852780
1184935
1157877
894299
854646
861643
855579
843917
870974
828521
851847
858844
902230
840651
824322
851847
971273
1114025
1125688
1170473
1168140
897565
849980
853246
847648
855579
845782
904562
849514
852780
841584
887769
912493
868175
865375
858844
840184
865375
847181
877505
860711
874706
856979
873773
873306
849980
870041
856045
884969
858378
883103
856045
847181
882169
885435
877505
878904
855112
889167
850447
890567
851847
869574
