7464
1400
2332
1399
1400
1866
2333
2333
2800
5132
3266
3266
6065
4199
5132
6531
8397
6065
6065
6998
6998
9330
9797
8864
11662
9797
10730
13529
12129
14462
13529
22392
14928
18194
20526
18194
28457
31256
34521
31722
28457
36855
36854
39187
41053
41986
46651
46651
48050
49916
51782
48983
57381
55981
69977
55515
63445
64845
66711
69044
71843
71376
75574
77441
77441
82573
84438
87238
89570
84438
93302
95168
100767
101699
100300
107763
108697
110096
115228
118027
115228
124558
134355
48984
52249
59247
37321
33589
41053
30323
35921
35922
49450
49916
24258
34988
25191
34988
35455
26591
49450
46651
44785
48517
49450
48983
51783
54581
53648
52249
52249
55514
55515
57381
58781
59247
63446
65312
66711
68577
67177
67644
68110
78840
68110
70909
72776
65312
64378
72309
71376
98900
95634
98433
84904
83038
83972
80239
77441
77907
77907
77907
128291
133422
105898
81173
80240
80240
81639
85372
82106
28457
25658
18194
18193
18661
18661
18660
19127
19126
19593
20526
19594
19593
20060
20527
20992
20993
20993
21926
21460
21460
21926
21926
22393
22859
22859
22859
22859
23325
23792
24259
24259
26125
24725
24725
25191
25658
25192
25658
26125
26124
26124
26125
30789
27524
26591
27524
27524
28458
28457
28923
27991
28924
28923
34055
29857
30323
30789
29856
30790
31723
30323
31256
32189
32189
32189
31256
32656
32656
33123
33122
34056
33589
34522
33589
41986
42919
42919
44319
43386
43385
44785
45252
45251
44785
46651
47117
47118
46185
46185
48517
46184
47584
47584
39654
47584
40586
40587
48051
39653
42919
41986
42452
41986
41986
65778
65312
66711
71376
70909
64845
69976
72309
77907
77907
76974
77907
78373
79307
74175
73242
48050
47118
48517
48983
48517
51783
50383
50383
50849
50383
50849
52249
51317
51782
51783
52715
52716
53182
51783
53182
54116
54116
55515
55048
55048
55515
55514
55981
57381
58313
58780
57847
58780
58314
58780
59247
61113
59713
65311
70443
69043
69510
70443
70443
72309
70909
74175
71376
70909
73709
79774
79774
76041
76507
74641
65778
66245
66711
66711
65778
68577
68577
68577
68110
69043
69510
70443
69976
70443
69977
71842
71376
72775
73242
73242
72776
76507
74642
74175
80240
80240
79306
93302
76041
76508
88637
87237
86304
88170
79774
78840
80239
80707
80706
82572
80240
81172
92369
90969
92369
91436
91436
95168
84438
84905
88637
84905
85837
86305
87237
87704
87704
129690
143685
143219
144151
142752
138553
148350
152082
103565
100300
101233
103099
102632
102632
104032
104498
104499
102165
111496
105898
107297
107297
105431
105898
106831
108230
110563
108697
107764
108230
109630
109163
110562
109164
110563
114295
140419
111496
112896
111962
113828
113828
115695
114294
126424
163745
167943
163278
161879
166078
162345
164211
167477
184272
162345
125492
122692
129690
125957
146484
208530
208530
211796
213195
211328
213195
212262
213661
214595
214594
216461
215994
218326
124558
130157
132489
130623
130622
130156
132955
138553
133888
152082
132956
140420
134821
136221
136687
137153
137154
138553
139020
143219
140420
139953
137620
154415
141352
143219
142285
144151
143685
143219
145552
146484
143218
147884
147417
148817
147417
146950
150216
157213
147417
151149
151149
180539
152082
216460
230456
227190
237453
231389
231389
232321
234188
233721
236520
245384
255647
254248
244917
252849
259379
257980
255647
257513
257047
248183
257979
262645
263578
257980
265444
263578
262645
271042
267777
271042
271508
260779
271043
271508
266377
276174
285037
255181
285038
296234
283171
290636
299500
294368
294834
167477
167944
169343
170743
169809
170743
172142
174941
184272
172142
173542
174941
180073
176807
178673
176341
178674
178207
178673
179606
179140
182405
180540
188936
181472
181472
182872
188003
183805
188003
183805
187537
187070
187070
186138
198733
188937
189403
188936
189403
193602
190802
193135
193135
191735
194534
195001
195934
196401
198267
197334
196401
198267
207597
200599
199666
216461
202465
201533
202931
204798
202932
201999
206664
205264
205730
207130
208063
207130
210862
234654
210863
209463
209929
211796
213661
215527
215061
214594
214595
216927
218326
216460
216927
223925
217393
219260
221592
222059
224391
223925
226724
223458
233255
236054
235587
239786
240253
238386
240253
243984
227657
231389
230922
236987
233721
230456
231389
234188
235588
233721
237454
236521
239319
240252
241185
239786
241653
239786
241186
242585
242119
243052
243051
245851
245851
245851
247250
247250
248183
248649
248649
250516
251916
251449
253781
252848
253315
256580
257047
257047
256114
256581
256114
266377
258447
259380
260779
263111
263578
262179
263578
264511
263578
265910
278040
266377
265910
267777
271042
270576
269176
273375
275707
272441
274774
278506
273841
273375
275708
277106
278973
279906
278973
281306
280372
282238
281771
281772
282238
284105
285971
286904
288769
285970
286437
288769
290169
290636
290636
292502
292035
292968
294367
293901
299499
292968
298567
298567
297633
302764
299033
303231
300899
300899
304164
302765
309762
305564
306963
314428
306030
306963
308829
308363
310229
310696
313495
311629
317227
313495
314895
323291
316760
317227
317227
318626
321425
318160
320492
322824
323758
321892
322358
325158
326556
348016
328423
326090
326557
329356
329356
333088
329822
333554
333554
336353
333088
334954
337286
334954
339619
341485
340086
338686
341485
342418
341485
343351
343818
345218
348016
347550
348950
349415
349883
348949
351749
352215
353615
350815
353615
352215
355947
356880
356880
356413
367143
358746
359213
362478
361545
361546
363878
364344
365277
364344
372742
368076
369009
371808
371342
371342
372275
372275
373674
375074
375074
376007
379273
377406
383005
377407
381138
380672
381138
381605
383471
386270
384871
386737
385337
388136
387670
391402
392334
392335
392335
393735
394201
399332
405864
397933
397933
410528
397933
403530
401199
402131
402132
403531
405863
404930
403531
409129
406796
407263
422192
409129
425923
412394
414261
423125
414728
414261
420792
417059
421725
417526
417993
419393
420325
424990
423591
425923
423124
424990
426856
427789
425924
448782
430589
431521
431988
433854
434321
435253
445050
450182
438052
438519
438986
438985
449716
458113
452514
445050
444584
452048
459512
447849
446916
448782
451582
452514
451582
451582
455313
455780
454380
457646
457646
459512
460912
458579
473508
460912
462778
460911
466977
464177
465577
468376
481438
469776
480505
475840
475373
473508
474440
473974
487969
487969
488435
480505
481904
479572
486570
482371
484237
486103
482837
484703
485637
487970
498699
501031
544884
490768
492634
495899
497766
496366
498233
508496
500099
500098
503364
501032
504297
506163
504764
506163
509895
507096
508030
509428
509895
511762
513160
512228
515027
514093
516892
517359
518292
520158
523891
519226
521558
543950
524357
525756
525756
527156
529489
529489
530421
532754
529955
534620
534621
534620
536952
536020
540218
542551
539751
541151
541151
543950
544883
545350
545816
547682
544884
551414
552814
551881
551414
566809
555613
552347
556080
556546
559346
559345
561211
561211
560744
563077
564943
564010
564477
606929
609728
594333
612994
576139
572407
616259
578472
579405
575673
580804
582671
577539
585003
595733
582670
584071
600398
593401
585470
598066
657312
593867
592467
595733
597599
597133
594800
601331
598999
621858
658245
614393
612994
603664
618126
619992
646116
605530
614860
629321
611128
612527
612527
613926
616725
615326
619525
630255
632121
627456
621858
626989
633986
647982
622324
626989
636319
630721
629789
632588
633520
628855
660578
676439
643317
640985
640051
645649
660578
675506
654047
642851
643317
648448
649381
654047
647515
717026
661511
654513
674106
669441
678305
671307
932087
897099
919024
917158
937685
919491
933020
743616
647516
630255
635386
664310
645649
715626
949347
1218524
933020
942350
935352
942349
969407
948414
939550
942816
949814
647049
658711
650781
652181
650781
645649
648449
652647
742217
766942
652180
648915
658712
656380
734287
663377
772074
704896
681571
754346
1000664
1108427
981070
981070
985268
985735
980603
701631
681571
684836
683903
687635
683903
695100
697432
782336
778138
692301
682037
681571
680638
974539
994599
1018857
1020256
1031920
1299696
1014193
1019790
1035185
1027255
846249
707229
705829
705829
713760
711894
707695
706295
710961
986668
742684
957744
1040316
1090233
1058977
1050580
1056645
1065508
1052912
1055245
1084635
1057577
1070173
903630
731487
734286
734286
738018
741750
748282
736152
748749
807529
750614
748748
881237
1033786
745016
745483
746882
750148
744550
742683
759945
753413
756213
756212
748282
747349
757145
828055
754347
762277
759478
758078
758545
845315
761344
769275
796798
787935
782337
779071
957278
978737
1060843
816392
799132
779072
778139
1108427
971274
799131
793999
823389
985268
1191932
1186800
1269840
1263774
1334217
1236250
1156477
1164875
1013725
800997
799598
1201263
1178404
1174671
1188666
1185401
1186334
1181670
942350
808928
815925
817325
811727
1197531
1203595
1195664
1201263
1190533
921824
820591
823857
822456
830854
828055
893833
836452
839717
842984
840184
841583
881237
845315
836452
1226454
1573071
1218523
1257243
1239050
1237183
1266107
1351479
1251179
840650
840651
842516
845316
861177
857912
859311
919957
1246981
1294097
1252579
1254445
1262375
1329086
1263775
1267507
1264708
861644
862576
863976
863043
867241
869574
872373
881704
897565
875638
878437
883569
1174672
1394864
1392998
1453177
1385533
1301562
1332818
1302962
1045448
897099
894766
956345
902229
941883
902696
915758
915759
916225
918557
933486
967541
909228
915292
914359
928821
919024
919024
927887
927422
1159743
974538
1044515
928354
922756
925089
932553
928821
942816
961943
944216
947482
1044981
1065508
940483
946082
942350
945149
947948
952613
954479
961943
1011860
963809
1434518
1372472
1429386
1817056
1387400
1421455
1411192
971273
1513824
1396731
1050580
967074
966609
975938
1407926
1850644
1479303
1434050
1403727
1409326
1435450
1427053
1553011
1566540
989000
998330
1489566
1576337
1548346
1996662
1384135
1087900
997397
996931
1009527
1000197
1427053
1471838
1479302
1467640
1141083
1117291
1002996
1006262
1012793
1012792
1025855
1027255
1022123
1210126
1788598
1472771
1490965
1473705
1477903
1501229
1511958
1355678
1027721
1030054
1027255
1032852
1049181
1036118
1044048
1040783
1086501
1150413
1043116
1043116
1064576
1043116
1063176
1052913
1055711
1061776
1055245
1160676
1053379
1536683
1521288
1527819
1604793
1214792
1072973
1211059
1553011
1555343
1593131
2001327
1803060
1715357
1163942
1080436
1087901
1192399
1076238
1522688
1598262
1610858
1414457
1225521
1084168
1138751
1087901
1088834
1100497
1214791
1096764
1103762
1095832
1099097
1253978
2068038
1607593
1625320
1647713
1318357
1107028
1109360
1113092
1172339
1131753
1121023
1125222
1124755
1377137
1628586
1611791
1637915
1660308
1685499
1642115
1759208
1648179
1676636
1631385
1640248
1681301
1652377
1283835
1324422
1141549
1141549
1753144
2035848
2167871
1896362
1897762
1736350
1259576
1284301
1155078
1209659
1156944
1160210
1173738
1157878
1165341
1170939
1769005
2020453
2212189
1707893
1739148
1243248
1183536
1173738
1189600
1172339
1173739
1171872
1171873
1170473
1190066
1183069
1187734
1192399
1755476
1796529
1797462
1763874
1702294
1191465
1189600
1203595
1191000
1197997
1201263
1205927
1207327
1205928
1219923
1216191
1212459
1213858
1210126
1218990
1220390
1217124
1222722
1229720
1222722
1231586
1356144
1833850
1847845
2013456
2047511
1229720
1291299
1231119
1233451
1229720
1228786
1239982
1238584
2083899
1264242
1521289
1953276
1831984
1267973
1382735
1841314
1264241
1271705
1398129
1279170
1266108
1458776
1273572
1286634
1405127
1437783
1273572
1407926
1279170
1287100
1427986
1283835
1278703
1424255
1542281
1281969
1431718
1292699
1302495
1434518
1297363
1295498
1431252
1302028
1305295
1455044
1315557
1306693
1930418
1337483
1419123
1497496
1362675
1317423
1457843
1331418
1317423
1464840
1322089
1480235
2510756
1956075
1330019
1469039
1334217
1606659
1505893
1340283
1339816
1493298
1344947
1340283
1498896
1974269
1961673
2554608
1975202
1988731
2565804
1979401
2007858
2566737
1989198
1984065
1502627
1377603
1367340
1522688
1369206
1365007
1526886
1430785
1378536
1530618
1381802
1380402
1538549
1377137
1380402
1521755
1387867
1392065
1548346
1462042
1386001
2735146
2011590
2064306
2664237
2045645
2054042
2668436
2053576
2060107
2675433
2090430
2121686
2675900
2074102
2050777
2641378
2063373
2084832
2695960
2105359
2079234
2693627
2114222
2095095
3506754
2092296
1439182
1592664
1441982
1450846
1603394
1438716
1441048
1606659
1848778
2427250
2627383
1521288
1495164
2725350
2152010
2161806
2082966
1994329
1923419
1647246
1475570
1468106
1628119
2116554
2136148
2850375
2178601
2119354
1627653
1477903
1712091
1517090
1491432
1503561
1583334
1914556
2160873
2159474
2206591
2237847
1994795
1552544
1578669
1525953
1528286
1518489
1511492
2213122
2182799
2293362
2559273
2401125
2549476
2550875
2567669
2364271
1557676
1533418
1522221
1532951
1533418
1531551
1534817
1614124
1535284
1572604
2920351
2267237
2432848
1749411
1555810
1732617
1553477
1565606
1573071
1560475
2792528
1919221
1862773
1798861
1812390
2343278
1810058
1807259
1805859
1833384
2289629
1727952
1570739
1582401
1628586
1789531
2447310
2678232
2648376
2585397
3168534
2845709
2784130
1897295
1824986
1772271
1599662
1610859
1597795
1604793
1770404
1622987
1623454
1715357
2628783
3001524
2730482
2649775
1645847
1618322
1789998
1619256
1632317
1641648
1743347
1793264
1632318
1633251
2019987
2595660
2449176
1649579
1671971
1661241
1658442
1830117
1769938
1649112
1653777
1667306
2323685
2735613
2152942
1730751
1680368
1838515
1678036
1678502
2084832
1672437
1894030
1674770
1773203
1694363
1848778
3071500
2837313
2861104
2869034
1677569
1859507
1787665
2197261
1723753
2102093
1731684
1699961
1888431
1700428
1719089
2117487
1696230
1698095
1699961
1933683
1972870
1720954
2212189
2361472
2509822
2792061
2922217
1743814
1734949
1733084
1818455
1779268
1765739
3211920
1903360
1753144
1758742
1757808
2783663
3052373
3428380
3145208
3037445
2952073
1774136
1767139
2374068
3491825
2865303
2477166
1918755
1768072
1770871
1777402
1783933
1776002
2064772
1773670
1779735
2523351
2702957
1840848
1817522
1785799
1782067
1843180
1811923
1841313
1789998
1803060
1800727
1831051
1851111
1880501
1939748
1806792
1823587
1845046
1855776
1841781
1860441
1816589
1814723
1810058
1896829
1847845
1885166
1845513
1823586
1820787
1868838
1860907
1913622
1840381
1837582
1836649
1880968
1942080
2670302
2040980
1881434
1882367
1900094
1935549
1984999
1893563
1907559
1891230
1929951
1952343
1929484
1866039
1879567
1888432
1920154
1935549
1947212
1917821
1941147
1912690
1925286
1934616
1941613
1890298
1886565
1886565
1939281
1943946
1955609
1926686
1915023
1921554
1957475
1953276
1970537
1947212
1923886
1932750
1967271
1954209
2027452
1949544
1947211
1960274
2026985
2016255
2086231
1952344
2052642
1962140
1966339
2012523
1922020
1959808
1958407
1986865
1995262
2054509
1951877
1972870
1972870
2002260
1967271
2139413
1937882
1962140
1954675
2012523
2109557
2158074
1966339
1957475
1960274
1971003
2248110
2624584
1975669
1967272
2029317
1971470
2402525
1968205
1971937
1989664
1992930
2531281
2246244
1987798
1984066
2053576
2019987
4558733
2040047
2011590
2009724
2218721
2965603
2117488
2014855
2072236
2441246
2043779
2045179
2342811
2124019
2079700
2106758
2076435
2076435
2083899
2074569
2220587
2048444
2056375
2344678
2077834
2107225
2075969
2076434
2080167
2117487
2115155
2157608
2099760
2108157
2101626
2114222
2140346
2151543
2094162
2092763
2127750
2131483
2169271
2295694
3399456
2151543
2129151
2198194
2117954
2132416
2148744
2177668
2163672
2222452
2156675
2141746
2149210
2206124
2119354
2092762
2124486
2197728
2188863
2218254
2128217
2150610
2146878
2148744
2214055
2149210
2159007
2232716
2237847
2213588
2205658
6185452
8370584
8455023
6907609
2438447
2193062
2189330
2191663
2230850
2232249
2238314
2250909
2333948
2226185
2240179
2223385
2222919
2194462
2230383
2241579
2375468
2214522
2210789
2228517
2276101
2257440
2235048
2230383
2240179
2307358
2263039
2239713
2238781
2251842
2279834
2299426
2451975
2264438
2257440
2282165
2313888
2269570
2270036
2270969
2304558
3189527
2284498
2256508
2232716
2280766
2315755
2265371
2333015
2298494
2293362
2327417
2286830
2257907
2339547
2333482
2319020
2265837
2291029
2273302
2291029
2401126
2295228
2291496
2310156
2335348
2385264
2330682
2298027
2299893
2293362
2387597
2309223
2279833
2326951
2370803
2393662
2363804
2400659
2336748
2309223
2768268
2782264
2314821
2329283
2416520
2410922
2347943
2363805
2341412
2370802
2397394
2346077
2366604
2386198
2455707
2397394
2380133
2433314
2399726
2435181
2462705
3248307
2372202
2400659
2886762
2418387
2406257
2400659
2445444
2390862
2402991
2396927
2431449
2455241
2438913
2419786
2428649
2444044
2456174
2429116
2431915
2430049
2506090
2472968
2411389
2471568
2443112
2473435
2453841
2423052
2437513
2487897
2519153
2472968
2509356
2519619
2448243
2509356
2687096
2824716
2436581
2544810
2591928
2456174
2444511
2469236
2505623
2443111
2472968
2532681
2477633
2493028
2465038
2495827
2531749
2563005
2512621
2500959
2521951
2540145
2541079
2573268
2468769
2462705
2640445
2460372
2458506
2473434
2496293
2578866
2504225
2568603
2646976
2648376
2475301
2596127
4809249
4072164
3487627
2864836
2509355
2700159
2488829
2502825
2508423
2618986
2516353
2513555
2797659
2530815
2568603
2526150
2512622
2544811
2608722
2533148
2531282
2568136
2568602
2707623
2524751
2530348
2549010
2633448
2587729
2538279
2559739
2558806
2691761
2554141
2558805
3585127
3013186
2563471
2570002
3060304
3624780
2560672
2565804
2594261
2746343
2600791
2567670
2653041
2609655
2681031
2594261
2594261
2601258
3252506
3813251
2624117
2840112
2810255
2642778
2655373
2709489
2702024
2695493
2681498
2694560
2724417
2690361
2706689
2722084
2702024
2670302
2761272
2699692
2716486
2732814
2679166
2716952
2702957
2745876
2684763
2662371
2750075
2800458
2704824
2668902
2751008
2742610
2678699
2975865
2713687
2773400
2762204
2687563
2691761
2757539
2857838
2840111
2715553
2761272
2805123
2735613
2735147
2770601
2828449
2779932
2779465
2769668
2816319
2817719
2761272
2776666
2776666
2814920
2758005
2799058
2794393
2815386
2772934
2775266
2804190
2846176
2817719
3051440
3478297
3623848
4994453
2815853
2898891
2864370
2791128
2817719
3164802
2834980
2815852
2820984
2865302
2811654
2889561
2849908
2990328
2829848
2806989
2867635
2867635
2887229
2836379
2855506
2920818
2871368
2881164
2889094
2848509
2833113
2823317
3124682
2894692
2862970
2854107
2862504
2867169
2948342
2922684
2897958
2930614
2886762
2855972
2911487
2945542
2886295
2866702
2953006
2922217
2868102
2878832
2897959
2899825
2901224
2874633
2917552
2965136
2960938
2905423
2953007
3012720
2940877
2900757
2976333
3173666
2959537
2911020
2925016
2907288
3004789
3012719
2971200
3023916
2964669
2987062
2992660
2987529
2925949
2950207
3010388
2967468
2919418
2973067
2961870
2967934
2952073
2998258
2988461
3012720
3072433
3134012
3023917
2984730
2949275
4128611
3221716
3183462
2994060
2993593
3059837
3074299
3146608
2987995
3025316
3094826
3041644
3029514
2998725
3008988
3069168
3054240
3023916
3023449
3062636
3087362
3056572
3020651
3061704
3051907
3028115
3043509
3080364
3094825
3068701
3054239
3083629
3618716
3569266
3087828
4207451
3139610
3101823
3060770
3077098
3298691
3082230
3088761
3101823
3079898
3106489
3162936
3115819
4392189
3098091
3096692
3132613
3114885
3149407
3103689
3365868
3127015
3114419
3116285
3111154
3151740
3114885
3188127
3120017
3127948
3132613
4324079
3170867
3239910
3140543
3142876
3140077
3151739
3140077
3151740
3148474
3148008
3171800
4260634
3177865
3220317
3166668
3166668
3183929
3489493
3194658
3184395
3177397
3538009
3200257
3184395
3258570
3236645
3189061
3235711
3245974
3226381
4381926
3231979
3208654
3198857
3256705
3260903
3219851
3234312
3301023
3211453
4706150
3306155
3234312
3216118
3246907
3512818
3241309
3309420
3239910
3241310
3248307
3257171
3303822
3263702
4668829
3543141
3322949
3271633
3251573
3342075
3278630
4488290
3281429
3280497
3316418
3275365
3579996
3905619
4398254
3301489
3295424
3298224
3300557
3336945
3301490
3387328
3307554
3321082
3314086
3323416
3354205
3377997
3399456
4111816
3368667
3388727
3377997
3381729
3381263
3381263
3367734
3369600
3352805
3344408
3430246
3349073
3415784
3378464
3352805
3384995
3363536
3395258
3378930
3379863
3384994
3375198
3395257
3396191
3388727
3392459
3466634
3586061
3416250
3392458
3398990
3416718
3401789
3528680
3403189
3407387
3423248
3441908
3517017
3420450
3426981
3429779
3440509
3444708
3465234
3455438
3435845
3440043
3454504
4461699
3506287
3464301
3454504
3447507
3758202
3470833
3474098
3461503
3543608
3482028
3532412
3478763
3477363
3479696
3515151
3513285
4633841
3485294
3496957
3512352
3490892
3556203
3514218
3490425
3496957
3604254
3523082
3520749
3510952
3541275
3544075
6676687
3738142
3561335
3524481
3581862
3579996
3546407
3529612
3543141
3781528
3558070
3619649
3637842
5592986
3551539
3626180
3635977
3561802
3551539
3550606
3582794
3594458
3574864
3574864
3608452
4631975
3692424
3599589
3622448
3656970
3590259
3597723
3670499
3612185
3849172
3601455
3666300
5181990
3658836
4603985
5406847
3650905
3629912
3639242
3644374
3671898
3922414
3669099
3627113
3672832
3635510
3692425
3662568
3712018
3662567
3711552
3654638
3663034
3655104
3658836
3689159
3679362
3680762
3707352
5020111
3951804
3731611
4871295
3719949
3688693
3788059
3746073
3705954
3704554
3728346
3726013
3713418
3743274
4464032
3784327
3739542
3718083
3727879
3745140
3769865
3734877
3743740
3747939
3747006
3755404
3788059
3827712
3766599
3757270
3844506
3775464
3774063
3767999
3779195
3832378
3776396
3775929
3811851
3853370
3856636
3809519
3795057
3793657
3793190
3833311
3797856
3802987
3801121
3800655
3809985
3843574
3822114
3821182
3806719
3867366
3975129
3871564
3895823
3888358
3929412
3836576
3833777
4048371
3886493
3892557
3773597
3825380
3820248
3810918
3888359
3826313
3828646
3875297
3942007
4119748
4095489
4986989
3963933
3939208
3963933
3959735
4003587
3879495
3952737
3909352
3888358
3888825
3963000
3918215
3906552
3933610
3923814
3896755
3935476
3926612
3936409
3934076
3939674
3938742
4031577
4017582
3970464
3942940
3961134
3963000
4088958
4026912
3946206
3998922
3948539
3932677
4060501
3957402
3935476
3970464
3908885
3963934
3987258
3943407
4008718
3953203
3953203
3989592
4023647
4056768
3988192
3979328
4002187
3975596
4062833
4065632
3999855
3998455
3990058
5620510
4114150
4716880
3985392
3978395
4024579
4048372
4095489
4062833
4028778
4079161
4039508
4135142
4188791
5432506
4025046
4000321
4055836
4006852
4068897
4278827
4012450
4023647
4034842
4378194
7926001
4042307
4031110
4121614
4023646
4045106
4031577
4047905
4062833
4338074
4069831
4039508
4050238
4095023
4066565
4122546
4246638
4090824
4068898
4069831
4090823
4081027
5436238
4105285
4709883
4492489
4448170
4186459
4108551
4101087
4132810
4332010
4116949
4098754
4279294
4846103
4114616
4419247
4164532
4145872
4138408
4129078
4159401
4185992
4153337
4144939
4154270
4144939
4376328
4985123
4171064
4195322
4181794
4156602
4170597
4174795
4165932
26929741
5075626
6543732
5239838
4317081
4315215
4323146
4327344
4380527
5432972
4345072
4354868
4362799
6812442
7596644
7828500
7638630
6769522
4530276
4371196
4405251
4406651
4370730
4367930
4355335
4355802
4368864
4356268
4383326
4562932
4371196
4422046
4291423
4377727
4331543
4298420
4302152
4307751
4397321
4346471
4352536
4357201
4339473
4321747
4319880
4296555
4328744
4361400
4366064
4358600
4356735
4472428
4411316
4420646
4642238
4355801
4348803
4368397
4356734
4405718
4361399
4403385
4415981
4392189
4447704
4394522
4385191
4400120
4385191
4380060
4388457
4399187
4435574
4926343
4463098
4483625
4442105
4513482
4497620
4751868
4511615
4510216
4474295
4467764
4461699
4451902
4403852
4472895
4453302
4431376
4456101
4507884
4473362
4447704
5455365
5009848
4694487
4466364
4479893
4524211
4536341
4537740
4490623
4490623
4538673
4548936
6053896
4510682
4522346
4507884
4525611
4636640
4523744
4495288
4541938
4549403
4536341
4548004
4542872
4519546
4529810
4545671
4576927
4627776
4534008
4500886
5866360
4791055
4528410
4531209
4504151
4594188
7808906
4545671
4549870
4576927
4541939
5321476
5347135
4543338
4591388
4570862
4575994
4871761
5753931
4552202
5622842
4587656
4561532
4572262
4672562
4645504
4781725
4624511
4582059
4603518
4646437
4625910
4613314
4616581
4620779
4593721
4682358
4659033
4637107
5526274
4883890
7563523
4654368
4631042
4747670
4746737
4661365
4742072
4701019
4690288
4791522
4681891
4736007
4734141
4709416
4690289
4757933
4771928
4713614
4754667
4800851
4844703
4803651
4763531
4788723
5017312
4851701
4791055
4794787
4756533
4763531
5124609
4779392
4868029
4897420
4821844
4887156
4900685
4797586
4809716
4827909
4818579
4798052
4854034
4819978
4831641
4845636
4822777
4824643
4944537
4868029
5131608
4837240
4886689
4874094
5645235
4844237
4875494
4858233
4863830
4902085
4868962
4878292
4875027
5947999
4804117
4836307
4822778
4804584
22385936
11288602
4906750
4818579
4815780
4884823
4868962
4858232
4882957
4867563
4835373
5915343
4886223
4855899
4845636
4876893
4865697
4843770
5816910
4924943
5057898
4894153
4973460
4928676
5216979
4910015
4903484
4939405
4940805
4975793
4915147
4919345
6068358
4909549
4919811
4911881
4916546
6257295
5087755
5047169
4965996
4967862
4956666
5206715
4937072
4939872
5047169
4964596
5002384
4949668
4958998
4999585
6098215
4981858
4979991
5046236
5806180
5124609
4992587
5029908
5032707
5028509
5292086
7196846
4998651
5787053
5048101
5000051
5044370
5209981
5074693
5139071
5203916
5081690
5239370
5077025
5237505
5300484
5176858
5189454
5186655
5167528
5114813
5112014
5229108
5147002
5128341
5227708
5160997
6973388
7751526
5204849
5165662
5201117
5165196
5170794
5175459
5156332
5179658
5158198
5172660
5170794
5307014
5261763
5141871
5205782
5146069
5236572
5143736
5184322
5181991
5237971
5309347
5203449
5211847
5224909
5209048
5192253
5172660
5202050
5229574
5363929
5279957
5231906
5168928
5186655
5393319
5170794
5177791
5184789
6962658
6381387
5195052
5205782
5414779
5194586
5233306
5204849
5228174
5359730
5198784
5211381
5210447
5230507
5235172
5229107
5226308
5313079
5651299
7321871
6253097
5290687
5588320
5256165
5300483
5302817
5340137
5336405
5350400
5314945
5338271
5323342
5337338
5305615
5328475
5425508
5771192
5408714
5321010
6567058
5328474
5374192
5356465
5402649
5401250
5456298
6155596
5399851
5412913
5398917
5599983
6188718
5447901
5518343
5466095
5437637
5404515
5439970
5463295
5414779
5417111
5413846
5406382
5776790
5450700
5463296
5468427
5530007
5475425
5488021
5508080
5478224
5503415
5467494
5499683
5479157
8127999
9615699
5410580
7050828
5449767
5434372
5421776
5501083
5428774
5475425
5717077
5439970
5608846
6103347
5512745
5536071
5468427
5460963
5467027
7126402
5465162
5474492
5464228
5540270
5495485
5481956
5537937
5523009
5477291
5798716
6556328
5802915
5551466
5495485
5522543
5507614
6303013
6116876
5529540
5531406
5585521
5533738
5523475
5555198
5579923
5531406
6044100
6658027
5545868
5619577
5596717
5598117
5808979
5614444
5577123
7872819
6301614
5595785
5611179
5921874
5731072
5633105
5636837
6522739
5679290
5701682
5764661
5670892
5663895
5707280
5719875
5673691
5680689
5743668
5705414
5661096
5709612
5713811
5713345
5702615
5873358
5804781
5842102
5810846
5828106
5819243
5768859
5756730
5793118
5777257
5787986
5815977
5788452
5779589
5738070
5776790
5723142
5929806
5847700
5875223
5778189
5890152
5823908
5794984
5733405
5879888
5881755
5854697
5807579
7005110
6022641
5783321
5761396
6530670
5798716
5805714
5779589
5759529
6035237
5787520
5770259
5766993
7077885
5816910
5772591
5835571
6024507
6947729
5782855
5794051
5839769
5786121
5814577
5803848
5834171
5811312
5866826
5814110
5824841
6925337
5929339
5894350
5919542
6016109
6965456
5841168
6117809
5876623
5846299
5874757
5891552
5866360
5874757
5864493
5866826
8921532
5952198
5994650
6028705
6001648
5921408
6027306
6084220
6064160
6095416
6076289
6041767
5989985
6002114
5998382
6118741
6147199
6043633
6027772
6154663
6050631
6039902
6029638
6140668
6152330
6056696
6039902
6170990
6056230
6053430
6074424
6146266
6073024
6100082
6086086
6081887
6069292
6018909
6037569
6058095
6414509
6058561
6122007
6215309
6046433
6217175
6114076
6060894
6500346
6097283
6331470
6079088
6057163
6055296
6091684
6043167
6888483
7203843
6431770
7470221
6122007
6079089
6219508
6224640
6284820
6248898
10576242
23493896
6219508
6221841
6275489
6209711
6205046
6186385
6204113
6200381
6337535
6301147
6236303
6193850
6121075
6208312
6157462
6170058
6261028
6245632
6236303
6319341
6226039
6253096
6254496
6410310
6278754
6370657
6310943
6275955
6273623
6265692
6297415
6380920
6285753
6312343
6283420
6303013
6416375
6215776
6276888
8073417
6523205
6222307
6234436
6214376
6273622
6236302
6236768
6267559
6248898
6242833
6262427
6263826
8268885
6277821
7561657
6600180
6283420
6262894
6277822
6311410
6315609
6286685
6325872
6332403
6292750
6302547
6309544
6468157
6438301
8159722
6633768
6330071
6313276
6429437
6611376
6347331
6330537
8888877
6352929
6367858
6403313
6567057
6399580
6370657
7572386
6361327
6402846
6373923
6446232
6365059
6390250
6388384
7685748
6444365
6390717
6428971
6645431
6430837
6442500
6513875
8366852
6395382
6515275
6795181
6418241
6416374
6470957
6433169
6422439
6482152
6452297
6505478
6645431
6468624
7178185
6924404
7653092
6753661
6466291
6488217
6497081
6506878
6482620
6474222
6511076
6504079
6515275
6522272
6531137
8361720
6514809
7672686
6830169
6572189
6578720
7763189
6923937
6563792
6591316
6632369
6670623
6637967
6700012
6736867
6769990
6772788
6738733
6659426
6667824
6686018
6703279
7200578
6703279
6799846
6811042
6694414
6682752
6721005
7527134
6802645
6778387
6706543
6765790
6722405
6738733
6721006
6864691
6746198
6730802
6782119
6791449
6772322
6722405
6741532
6760659
6693948
6710743
6658493
7827100
6756460
8397175
7021438
6722871
6810575
6715875
6959392
6688816
6748997
6737800
6717740
6730336
6729869
6727537
7827101
7651693
6748530
6747131
6811042
6732202
7069022
6887083
6731735
8272617
6778386
6801712
6748996
6986449
7626501
7402110
6876820
6755527
6764858
6801712
6773721
6771855
6933734
7873284
6792848
6853961
7044764
6822239
6812908
6804045
8157390
6958926
6812909
7119872
6814308
6850696
7765055
7017239
6896414
6850695
7189382
6848362
6846497
7784182
6916474
7969386
6865624
7142264
6897346
6874021
7767387
6917406
6945863
6886617
7172587
6972921
6916940
11174775
7097945
8199375
7031701
6994847
6913207
7036366
6999978
6989716
6993914
6987382
6998579
7014906
7821968
7144130
7127802
8207306
6999979
7041032
7050828
7092348
7029835
8328598
7307409
7049895
7063891
7232300
7657291
7171187
7047562
7108675
7142264
7071821
7159525
7267289
7223903
7227169
7229035
7127802
7131534
7171188
7149262
7111008
7303210
7115206
8001575
7358725
8127532
7076953
7102611
7358258
7073220
7072287
7174453
7096079
7096080
7087216
7099345
7140398
7131534
9386176
7161391
7114273
7412840
7136200
7161391
7217838
8020236
7159525
7134800
7197312
7131534
7144130
7445495
9170181
7151128
7200577
7236032
7196380
7451093
7195446
8147126
7184250
7231834
7183784
7215973
7469754
7226235
8403240
7258891
7226235
7326069
7266822
7241164
8489544
7213640
7555591
7231367
7245829
7515006
7619037
7391380
11230755
7253293
7372720
7397445
7433832
7505675
7438964
7585915
7360124
7380184
7339131
7347995
7605042
7462756
7474886
7409107
7545329
7413773
7410507
7445962
7433366
7438964
7445962
7421236
7457625
7626968
7518737
7437099
7670820
7513606
7493080
7450627
7486082
7494478
7501010
7488414
7477218
7479550
7585915
7647027
7521537
7511274
7609706
7497744
7548594
7551859
7525268
7508940
7533666
7518270
8855288
7763189
7597577
7534133
7642829
7636764
7600843
7570520
7551393
7556059
7562123
7572386
7575185
7594779
7725868
7591979
7620436
7692745
7617171
7586381
7661023
7684815
7587314
7617170
7636298
7626968
7620436
7857890
7668020
7632566
7876083
7541130
7539264
9330194
7535532
7639563
7601310
7544862
7575652
8268885
7588714
7633032
7671752
7639097
7574719
7883082
8800240
8782979
7967986
7585915
7638631
7640030
7616238
7654492
7634432
7619037
7640962
7627434
7909673
8747524
8844558
7857423
7729133
7698811
7745928
7808440
8045427
7871419
7729600
7679683
7766920
7766921
7738930
7814971
7774851
7736131
7743595
7772052
7993644
8030965
7955857
7931598
7852758
7831299
7813105
7824768
7835497
7942329
7798177
7773919
7961921
7937197
7900343
7822902
7996909
7883081
7814505
8016037
7970319
7762256
8980778
7821502
7853224
7802375
7842962
7793045
7776717
7824301
7804707
9516799
8166253
7816371
7881215
9303603
7881682
7888680
7916670
7838764
7828033
7848093
7877950
8744258
9672613
8151325
8099542
7952592
8102341
8157389
8106540
8107472
8144793
7991779
7995511
8119135
8077149
7995510
8118669
8107472
8056157
8242760
8006706
8009506
8176983
7991311
8053357
8909870
8045426
7985713
8217102
8010438
8053824
8961186
9284477
8071085
8192377
8095344
8398108
8163921
8052425
8062221
8267486
8039829
8056157
10701733
8352857
8853888
8286146
8008106
8046827
8209172
8030498
8027233
8039829
8100475
8350991
9656285
8134997
9464549
8184914
8064554
8121468
8097209
8116803
8203573
8136397
8094410
8183513
9109535
8159256
8929930
9356320
8878614
8163920
8127066
8102341
8135930
8176516
8244160
8129865
9663283
8490010
8125200
9275146
8217569
8155056
8156456
8163454
8197043
8180714
8176050
8177449
9108136
8197509
8203107
8268885
9463150
8318335
8265153
8511936
8222700
8227366
8266086
8225033
9355852
8228298
8278215
8506339
9400171
8236229
9018566
8312737
8348659
8577248
8277282
8295476
8310404
8281481
8586579
9177646
9488341
9611966
8653755
8508205
8431697
8340728
8396242
8411637
8370118
8337462
8378515
8420968
8370584
9045624
8571183
8485813
8493743
8457821
8485346
8587044
8581913
8521734
8518934
8469484
8619234
8759653
8517068
9938057
8492343
8427498
9806968
8620167
8505405
8442893
8519867
8517535
8490011
9665148
8483013
8460620
8426099
8822166
9950652
8692476
8440560
8445226
8472283
8485345
8502607
9660017
8459687
8464819
8488611
9369382
8500274
8815168
8501207
8927130
9448688
8497942
8787178
9747254
8488611
8780646
9357252
8680813
8543192
8519868
8586111
8784379
9456152
8642559
8619234
10675609
9061019
8813302
8697141
8650024
8635562
8721399
8626698
8783912
8733995
8856221
8724199
9772913
8706472
8744259
8841759
8745191
8785311
8764319
8928529
8911735
8880013
8767118
8789043
8836628
9029295
8926663
8795108
8894941
8824965
8802106
8826364
8800240
8870216
8815168
9780377
19097975
8726065
9360518
8732129
8718134
8771316
8706004
8748924
8686878
8714869
11438819
8735861
8727464
9136127
8787643
8831496
8840826
9015301
8893542
9024631
8887943
8992908
8953722
8873949
8950922
8833361
8899140
8979846
9045157
9054487
8873015
8867417
8987776
8952321
10063081
9106737
8985444
8953721
8930862
8955587
8925731
8907071
8945324
8943925
8934128
10010832
9245290
8874882
9116533
8866018
9021365
8916867
8887010
8889809
9050756
8907537
9676345
10033225
9214500
8896807
8922465
8962585
10696135
8961186
9276080
8929929
9277479
9026497
10054684
9038160
8978447
8948590
10497869
9004104
9035827
8987310
9014368
9240159
9812099
9067549
10210499
8991508
9259752
9012968
9021365
9079679
9045157
9056820
9190709
10248752
9092275
10177842
9374979
9029296
9074547
9092275
9049356
9141725
9142192
9096940
10459614
9084344
9470614
9992638
11176174
9281211
9145923
9266749
9192574
9160851
9385709
9323197
9179978
9235494
9253221
9196306
10873876
9252288
9415566
9201438
9268149
9246690
9179978
9273281
9246689
9482277
9563449
9286809
9309669
9379178
9295673
9310602
9454753
9465016
9491607
9420697
10430691
9227563
9256486
9283077
9230828
9249488
9991706
9256020
9609168
9224764
9249022
10439555
10569245
9558784
9304070
9263484
9309668
9369848
9553653
9269548
9277013
9426762
12089134
9666548
9375913
9408102
9451954
9363783
9698738
9604969
9613366
9510267
9514000
9657684
9398771
9436559
9597505
9436092
9585375
9619431
9442623
9583975
9491141
9513067
10723659
9544790
9622696
9474813
9521463
9504669
10248752
9715532
9507468
9547121
10335990
10627558
9867148
9421164
9476679
9439825
9430961
9444024
9478078
9457085
10632690
9716932
10541254
9503270
9519131
11219559
10200236
9855018
9652553
9594706
9622697
9630161
9638558
9550853
9563449
9626428
9700137
9651620
9668414
9666082
9621297
9613366
9648821
9683809
9809301
9709933
9857351
9747255
9702936
9863881
9677745
10085007
9724395
9860150
11038554
9750986
9729527
9734192
9671213
9665615
9652087
11585303
10235224
9720197
9955317
11639885
10830490
9676811
9713666
9945521
9652086
10635955
9688008
9703402
9958583
10860813
10828158
9826561
9966514
9686608
9704802
10950383
10122328
9988440
9717864
9710400
10973242
9818631
9731393
9764982
9757517
10597702
9808833
10067746
9760317
9790640
10900933
9778044
9768714
9790639
9780377
10961113
9783176
10078010
9822362
9879276
9883009
10993302
9824229
9827494
9806501
10704998
10129326
9813499
9834959
9911932
10764245
11594633
9877410
10106000
10739520
11448149
10111598
9968847
9945521
10150319
10258549
11224690
10095271
10065414
9970246
9968380
9981442
9980042
10135390
10140056
10060749
10221695
10190439
10094337
10093404
11967374
10139589
10205833
10083608
10126060
10115330
10104601
10300535
10140522
10280009
10319196
10014098
10350918
10050952
10072878
11224691
10010833
11246150
10004302
10347653
10085940
10095271
10039289
10044421
11613293
10041622
10122795
11179439
10273944
10488072
12169839
10315463
10215630
10227760
10226826
10231491
10218896
10232424
10301468
10351384
10451218
10282341
10297270
13593627
11736918
10257616
10390105
11225624
10411098
10515129
10268812
10330858
10287006
10473610
10408299
10295404
10371444
10343454
11511128
10205367
10236157
10196037
10236623
11411761
10180176
10467079
10205367
10296337
11394033
10245021
10241754
10226827
11250815
12133919
10396636
10302401
10678874
10332257
10403167
10409231
10419961
10579508
10531458
10444220
10482007
10433490
10857081
10455416
10593037
10438622
10516063
10467546
10615895
10593970
10473610
10648085
10498335
11612827
10406899
10523060
10427892
11089402
10415296
10382174
10769377
10373777
12348046
10366780
11769108
10394303
10376110
10429758
10397569
10436756
10438155
10419961
11344117
11479871
10517462
10417162
10794569
10538455
10531924
10456349
10435357
13438746
10556648
10902799
10517929
10612164
10664412
10792703
10553383
10758647
12145114
10787104
10840753
11564776
10628958
10816495
10941520
10663479
10702667
10656482
10649950
10604233
10660680
10836089
10677941
10840287
10690537
10726458
10706398
10605632
10571110
10560381
10574376
11718724
12433417
10603766
10651817
10598168
10626158
14027014
10686338
10796435
10844952
10763779
10885538
10956448
10780574
10809964
10795968
10808564
10800634
10871543
10997501
11203698
10879474
10806232
10791303
10809031
10863612
10869211
10841686
10806697
12302328
10945718
10850084
10902799
10820227
10934055
10941053
10991435
10917261
14623214
10912129
10931723
10954582
10932189
10937320
10975108
10951316
10958314
12991830
10958780
11324524
10994235
11053481
11135121
11023158
10980706
10981639
13408889
12251012
11035288
10964845
11023158
11150516
11187837
11189702
11113195
11212095
11103865
11037620
10976041
11046018
11186437
11116927
11009630
11078673
11200898
11198566
10994235
11127657
11078207
11162178
11064211
11035755
11036221
11196233
11540052
12312591
11143985
11893666
11427623
11152848
11150516
11849814
11288603
19216469
11214894
11250815
11164044
11062812
11218160
11257813
11108996
11126258
11113195
11178973
11259212
11174308
11211162
11294201
11151449
11185504
11128124
11166843
11195767
11448149
11285337
11314727
11223291
11345984
11171975
11223757
11332921
11290936
14803287
11351114
11526056
11312394
11320325
11286736
11305863
11294201
12932116
12266407
11382371
11340852
11293267
11492934
11380971
11424823
11330588
11334320
11375840
11341785
11352048
11335254
11695866
11403364
11377706
11300732
11343185
11499465
11338985
11311461
11448148
11484070
11366976
11389835
11397300
12995562
12445080
11530254
11658545
11521857
11546583
11457013
11450015
11495732
13428016
12780034
11626356
11601164
11464943
11565709
11508328
11520458
11556846
14328380
14886325
11483137
11495733
11533987
11447215
11493400
11472407
11606296
11616558
11636152
11449549
11491534
11601630
11504596
11529321
11549848
11528389
11507396
12120390
12199696
13258673
12151645
11825555
12169373
11845149
14216418
11586235
11720124
11643150
11603496
11617026
11671607
11616559
11672540
11744849
11571307
11819024
11638018
11759311
11646416
11710794
11610027
11784503
11857744
11695866
11695865
11657612
11696799
11629621
11721990
11998630
13428482
11930986
11768175
13335180
11788701
11799430
11781237
11737384
13437813
12132052
11779371
13351975
11913259
12519256
11776571
12132519
11826021
11892266
11828354
11958044
12909723
13460672
11894132
11908594
11787768
11913726
11821823
11831153
11833019
12199696
12181036
12034085
11749514
11965508
11957577
11872673
11849814
11980437
12004694
11800364
11924455
11850280
12062076
11807362
12012626
11861476
12005162
11993499
11987901
17575755
28506544
11944981
12336850
17925637
13497993
11989767
11980903
11991166
11971572
12085867
11990700
12026155
12096598
11953845
11964108
11972973
11912326
11996298
11920257
11953845
12123655
12068607
12058810
11949180
12014958
12019624
12204361
11985568
12181036
12172172
13873533
12091933
12193165
12180569
12120389
12092399
13723784
12432485
13302525
12176371
12190366
12139050
12118990
12207160
12947977
12561241
12161908
13401892
12989964
12570105
12206694
13204091
12190366
12578969
12179169
13445744
13603891
14498189
12241682
12226287
12397963
12176371
12117124
13374367
12507592
12160042
12132053
12204827
12389566
12428286
12474937
12258943
12505260
12272005
12205760
12233284
12325654
12230952
12431084
12321922
12579901
12487066
12403561
12298596
14043809
12302329
12453011
13272202
12276671
12468872
12267807
12334984
12497795
12360642
13760637
12346180
12397029
12388166
12390032
12368106
12528119
12485666
12352712
12278070
12487999
12403094
13675732
12361109
15047738
12602761
12263608
12304194
13206890
12492664
13483531
13107058
16564828
12652677
12659209
12701661
13475600
12472138
12764639
12511324
12560308
12463741
12442281
12593430
12494996
12577569
12635882
12530451
12582234
12652210
13077667
12715656
12549112
12632151
12586433
13200826
12527186
12384433
12378835
13182632
12412424
12501994
12693263
14474397
12500594
12734316
12716589
12745513
12525787
12725453
12477269
14819148
12626086
12758575
12699327
12627952
12707258
12627952
12683467
12822486
13737312
12624220
12620955
12630751
12691397
12588765
12603693
13978964
12889664
12834149
12744113
12800095
12740848
12715656
12847211
12878001
14177697
12552378
12755775
13918784
12645212
12891997
12636816
12663873
13729381
12617689
12639614
13526450
12721254
12921853
12617688
12691863
13828281
12689998
12662473
13875865
12942380
12662940
16986086
14404421
13212955
12792163
13039880
12867738
12903193
14658669
13028218
12996495
13024485
35302191
12895262
12778635
12969903
12932583
13077667
13020287
13067871
13004425
12989497
13086064
12789365
12854675
12782833
13977565
14034013
12964306
13107990
12816889
12898994
12846745
12852344
13953773
13863736
12804293
13209689
12949843
12902260
12907391
12843013
15322978
12924652
13567503
13284797
13568902
14017685
17655061
13348709
13163039
13108924
13022152
13147177
12985298
13086998
13183565
14060137
13130383
13095861
13254008
13117787
13118254
13062739
13030083
13286664
13582897
13095861
13487729
13166304
13390229
13013289
13809154
13062273
14176298
13306724
13822683
13546976
13063672
15023946
13066005
13384630
14060137
13052943
14423082
13052009
14012086
13374367
13111723
16002683
13100060
14300389
13180766
13369236
13197561
13414487
14090927
13309989
13295528
13251209
13393027
13182632
13237681
13432681
13452741
14514984
13395361
13315121
13288529
13241413
16742101
13379033
13399559
14099790
15393888
13220886
14154838
13178900
13305790
13222752
14421215
15207284
13257740
13552574
13287130
15182093
13310455
13773233
14492591
13285731
13261472
13243279
14664267
13403757
13543245
13299259
15286591
13687396
13292262
13390695
13351042
13315587
13344978
15696187
13680864
13306257
13422418
15090190
13646342
13421019
20699037
13743843
14111920
13680398
13703257
13576833
13835746
13574967
13648676
13797492
13515253
13741044
13590362
13578232
13616953
13690195
13701391
13773700
13574967
13630948
13608089
13586630
15030943
13548376
15004353
13527383
15120980
13556306
13674334
13526450
13490995
14722114
13497059
13506390
14489326
13816619
15793220
13574033
13533447
14684793
14118917
14133379
13685063
13575433
13677598
15190024
13676199
15142906
13978498
13590828
13616019
13622084
15302919
13672000
15903317
13661271
13675733
13651008
13695326
14408153
13728449
15150370
13697658
14577496
13949574
13701857
14504254
13655672
13839011
17468457
15311782
13847875
14023283
13853473
13820818
13809155
13901524
14431013
13874466
13974299
13864202
13929980
13980364
14021883
15266531
13981297
13837145
13915519
13986895
14172565
13983163
15207284
13935579
14131512
13841810
14714184
13870267
14060137
14612950
15148504
14131046
13826415
14749172
13913187
14854136
16274659
14327913
14150173
14040077
14388093
14097457
14049407
14180963
14121249
15649536
15838938
14124982
14106321
13968701
14139910
14076932
15417214
14484661
14113786
14310653
14205688
14253272
13975232
13991093
16812077
14023282
14471131
14733777
14523381
14050806
13984096
17378421
14658668
14073665
14236011
14180497
14174432
14158571
14954902
14318583
14225282
14362901
14390892
14242543
14266801
14450605
14210353
14189826
14293858
15214749
14260736
14479529
14373165
14369899
14379229
14207087
15824477
14140376
14410019
14194958
15280527
14180030
15778293
15731175
14251406
14317650
14992690
14435677
14402089
14384827
14328380
14346107
14267267
15881391
15645803
14385760
14350772
14470666
14361969
14345174
15998484
14567700
15483458
14416084
14252806
14270066
14340509
15086925
14710918
15511915
15089258
14669398
14257003
15110250
14721181
14324648
15594021
15547836
22178805
14542975
14569099
14422615
14522448
14540642
15403219
14545307
14538309
14671731
14496323
14499589
14767832
14595223
14785093
14590558
14728646
16165029
14603620
14764566
14743574
14667066
14781361
15613148
15084125
14665667
15848269
14696923
14664733
15023946
15767096
14689925
14754770
17503912
14824746
15084592
14715117
14798155
15093922
14724913
17429737
14891924
14955835
15028144
14842940
14826612
14854136
14818215
14879328
14771564
14969364
14834076
14789291
14770631
14777629
14752437
14787892
15100920
14810751
14767365
14813550
14681528
15849201
14616683
16912377
15964429
14695523
14678262
14959568
15843137
14686192
15368697
14731911
14991290
14781827
15963496
16225208
15065465
15440539
15643937
14750104
14725380
15681258
16047935
15039808
14813084
14756636
14815416
15914513
14817282
16283056
14802820
15911247
15077128
14809352
14848538
14795356
15981690
14996888
15782491
15161100
14843873
15757766
15125645
15986822
14961900
14862067
14836876
14871397
16144503
15182559
16256464
14895656
14948838
14897989
14873263
15620611
14961433
14977762
15765696
15025346
15206351
15662598
14976362
16414612
15273529
16400616
15176495
16756563
15036075
15016015
16420209
16642269
15130776
15184892
15107917
15999884
15244138
15474595
15119580
15141040
15135908
16215412
15273995
15242740
15288457
15445671
15481126
15388290
15343039
15305251
15258134
15230610
16019011
15125645
15057535
15450802
15122380
15140573
17535168
15488123
15254402
15445205
16764027
15207751
17129771
15215215
15138707
15204019
18135565
15259533
15305251
15542238
16100183
15585157
15384092
15468063
15358900
15373828
16639469
15456400
15559965
15455001
15650468
15559966
15617812
15477394
15569762
15446604
16986552
16266728
16596550
16119778
17779153
15510049
15320646
15550635
15279127
15270730
18033867
15405084
15452202
15516581
15748902
15692455
15532908
15613615
15610349
15562764
17243133
15654201
15479726
15771761
16594217
15601485
15594487
15608016
15603351
15673794
18407541
15393888
15524511
15842204
15430276
15536640
17298648
16631072
15553901
15443338
17184352
15830541
15523111
15464797
18821802
15735373
15616880
15651868
15692921
15645337
15923843
15797419
15708782
15705516
15633674
15739571
16028808
15736307
15753567
15793687
15924310
15853866
16008748
16975356
16639936
15623878
16766360
16035806
15632275
15572561
18678583
15975159
15615481
15817013
15663530
15660732
16860128
17164759
15659333
15690121
15647670
15852000
15688256
17714775
16038138
15737239
15719978
15674727
15699919
16845200
17197414
15785290
15677526
17516041
16134239
15744704
16943634
15791821
15744703
17711975
16039538
15823078
15851067
17062593
15881857
15810481
17075655
15832873
16081057
15900984
17356028
15848269
17210011
15852000
16065196
16325508
17364426
16069861
15877192
15835206
15856199
16200484
16572292
25066967
16067528
16395018
16351166
16316644
16130041
16103450
16211679
16191154
16164096
16237805
16175292
16175759
16153832
17072391
16277924
16222876
16305914
16088988
18282983
16633871
16095052
16377757
16857329
16026009
17414341
16096452
16010614
15990088
17137235
17216076
16506981
17333169
16071261
16027875
16863394
16072193
16430940
18296511
16358630
16205616
16978621
16389420
16110447
18887113
16390352
16143570
16318976
16191620
16135638
17365359
18115972
16128174
16389887
16175758
16202816
16992151
17361159
18192013
16348367
16289587
16661395
16593285
16555498
16394552
16478523
16405281
16403416
17088251
16528440
16550366
16469193
16589553
16642268
16648333
16610545
17885050
17097115
40090914
16403882
16247600
17741366
17576687
16346034
16565294
16332972
16310580
16496251
18370220
16372159
16420209
17022007
16400149
16343236
18874518
16726707
17137702
16879255
16699649
16582088
16912378
16658596
16626407
16728572
16719242
16651598
16817209
16822341
16681455
16741634
16759362
16694518
16814877
18098712
19374149
37780758
17054663
16545700
17669523
16452865
18089382
16555498
16523774
16584887
17677453
16543835
17391483
16953430
16600749
16860594
16925906
17211877
17718040
16935236
16602148
16638536
16594685
17727836
17431137
16945500
16635737
16583955
16625007
18220938
17826270
16746300
16697317
16642735
16612412
17788949
17540766
16710845
17131170
17635001
16708979
18044596
17502978
17060261
16669792
17653661
17051864
16724374
19289711
17102713
16775690
17818339
17004280
17529569
17993747
17051864
18600676
18735031
16782221
17342033
18500377
16749099
16761695
17636400
17070991
16793884
18045996
16867126
16803214
17893914
17190417
16836802
18048795
16906313
17224006
17825337
17185285
16949231
18039931
16873657
16847999
18261990
16969758
17146098
17635467
17369557
16923107
17705444
16990751
17216542
18401476
17930768
17017808
17882251
17265059
16983753
18170088
17983484
17785683
17068658
17237068
17020141
20522697
17097582
17328504
17274856
17013610
17045799
17940564
18562889
17011277
17102713
21986604
17224006
17556627
17663924
17274855
17596280
17396148
17336901
17354162
17332702
18838130
17402679
17355562
17343432
19991342
17350430
17284652
17325705
17175022
20101904
18435998
17471722
17341100
17140034
17194615
19082114
17751628
17889716
19185212
19130631
17485251
17413876
18512039
17485718
17733435
17578553
18649193
19133430
17616807
17588350
17480119
17532835
17635934
17578087
17646664
17499247
17749762
17334102
17623804
17300980
18540963
18412206
17913507
17391483
18313773
20461117
18715904
17606077
17571556
17538433
17515108
17676520
24784263
31795904
17621005
19172617
17794080
17659726
17809942
17676520
17986750
17608877
17527237
18619803
19666184
17411543
17830002
17887382
17544498
19423133
17865456
17558494
17477787
18705174
17913040
19097043
17547764
17521173
19147426
18303043
19147892
18290913
19028932
17672788
17758159
17646664
17763291
19016336
17773554
17746964
17884583
17759559
17820206
18111774
17878985
17855660
18101977
18159824
19392343
17664857
18205542
17760025
19374149
17624271
18856323
17682119
17650862
19202473
18015206
17719440
18813871
18509240
18005876
17807143
17734368
17730169
20169081
18182683
17774954
17710109
17724105
20260051
18164023
17725037
17873854
21374076
17794547
18994411
17839332
17755827
19325632
17896247
17886449
19137163
18836263
17823471
17846330
17855193
17851461
20351020
18133234
17924703
17894847
17875254
19613469
19165153
17899512
18196679
19162354
18117372
22958344
18165422
18213006
18975750
18433199
18167755
18315173
18182216
18321237
18295112
18237732
18374419
18915104
18338964
18385615
18247995
18438331
21432391
18085649
18339430
18108974
18052994
19580813
19284579
18304443
18872185
18331034
18363223
18266655
19242594
18171953
19676914
18356692
18115039
18148628
19226732
19272450
18527434
18199011
18932365
19421733
18455125
18114106
18144429
18174753
19722632
19719366
18353893
18329168
18367888
18308641
18973417
18806407
19298108
18721502
18448127
18634731
18692579
18457924
18556358
18510173
18494312
18417805
19478181
18245195
19121301
18629133
19071385
18394479
19703972
19199674
18613272
18311906
19696041
18599743
19745024
18386548
18327301
18334766
19946556
19797740
19974547
18441596
18615137
18391680
18424802
19707704
21436122
18677650
18522769
18453259
19569150
19982011
18614672
18498044
20210135
18700509
18864720
18932831
18664121
18793811
18805007
18791478
18927700
18919769
18862388
18835797
18797543
19943291
20486308
18533033
18531632
18507840
18559157
21778074
18577817
18521369
18554958
18532099
20078578
19957286
18689313
18773751
18575951
18584348
21985204
18731298
18678117
19379281
18935163
19808470
18889446
20771346
18924901
19103107
18661322
19790276
20419597
18863788
18839996
18996743
19033597
18994877
18994410
18922568
18952891
19202940
18999076
19036396
19106839
18973417
19202940
19379281
19955887
20429394
20462983
18842329
18926766
20223664
18780749
19679246
19158155
18837663
18793345
20770412
19996940
19250057
19061588
19117102
20748953
19991342
18920702
18854924
18891311
20835258
19654055
19050392
19091444
19056457
19507571
19378815
19546758
19045726
19198275
20775544
19319567
19138561
19201541
19119435
19454856
19739893
20155087
20295973
19444125
19196876
18999542
19374616
21176276
19270584
19247258
19288778
19927896
19304173
19226265
19169817
20839456
19471183
20503569
19443192
19297175
19311637
19490310
19242127
20312301
19083047
19127366
20967746
19278049
21397402
19278981
19506638
20341224
19158622
19517368
21510297
19485646
19994607
19210871
19471183
20363150
19192677
20319765
19243527
19531363
20558617
19469784
20652386
19353623
19514569
19266385
20490041
20302504
19311637
19540227
19298575
21332090
20360817
19589677
19247259
19401207
19257989
21690837
19609737
19327964
20764815
19614401
21284507
19651256
19359687
19616268
19367152
21587271
19434329
19324233
19632129
19423132
19326566
21542020
19665717
19460453
19478180
20301571
21137556
19731029
19369484
21259315
19775814
20968680
19473516
19480980
24332681
19555155
19659187
20084177
19910635
20092574
19840659
19953087
23740213
21603133
19759953
19723565
19658720
20247455
19938160
19773015
19689043
19639593
22908893
19838326
19619067
19626998
19774881
21786937
20960282
19640526
21472044
19616268
19627464
20856251
19650323
21480441
20102371
19683912
20781610
19694642
20588007
20037992
19766951
20831059
19710503
20803068
20082777
20010469
19758087
20813332
20570280
20075313
19878913
20971012
21261648
21185140
19807537
19813135
21026993
22120959
20941622
20073914
20020265
20565148
20084177
20801669
20062718
20011402
20130828
20158352
20112167
20148089
20149488
20346822
20178879
29523535
19915301
20241858
20030061
19855587
21998266
19943291
20245590
19942358
19949356
22148949
20210601
19959619
20739156
20298771
21152951
20113567
19980145
21356815
20204536
21140822
20002072
20268915
21332091
20464849
20041724
22906094
20217599
20197072
20226463
20328162
20409335
20251187
20251188
20584276
20467181
21438455
20228796
20670113
20840856
20338425
21288705
22100432
20105637
20409801
20194273
21263047
22289368
20711166
20583343
20443389
20438724
20640723
20530160
20546022
20438725
20541823
20747553
20463450
20505901
20532959
20622062
20524563
20508234
20315566
21565346
20462050
21478575
20239524
20261451
21140821
20351021
24676499
20477445
20422863
21114230
20802136
20758750
21932488
20619264
20773211
20508701
20560950
20794671
20556751
20743355
20579144
21737021
21269111
20406536
20669181
20395806
22347683
21541087
21884904
20703702
20692506
20827327
21943684
20835724
20764815
20558151
20564215
20762482
20824528
20606668
20691572
20643988
21209865
20787207
21117030
22140086
21892836
22091568
21056850
22071975
21195403
21874642
20948620
20822195
21794402
21354016
21507032
22155014
20911299
23604459
21195403
20920163
20877710
20957950
21080642
21256516
21191672
21174877
20936490
20944421
20895904
21692236
21290105
21041922
23923552
21225726
21062915
22550148
22304763
21451517
21361481
21583539
21471110
24334080
21408132
21494436
22512826
21836388
21504699
21092305
22422324
22645782
21042854
21104434
21127293
22588401
22559478
21365213
21082508
21878373
21578874
22556678
22514693
21496302
21351218
21504699
22355613
22098100
21590536
21182341
21289171
22384536
22283304
21483707
22865508
21493502
22426056
21232258
22387802
27417244
21237389
21290571
21223860
21383407
21347952
22361211
21422127
21336756
21256516
21171611
22428855
21690837
21512630
21580274
21339555
22537085
23257376
21320428
22204930
21454316
23274637
21504699
21805131
22668641
21795801
22634119
21446386
21519627
22388735
21719294
22815592
21446385
22968140
21647918
21738887
24676965
21545752
21473443
21556015
22631787
22424656
21818661
21542953
22911226
23715489
21831722
21883038
23117890
21588205
24748808
21618061
21547152
23664173
21916161
22972806
21888170
22467575
21865777
21592870
24047177
21681040
21899367
21642786
22799263
23247113
21675442
21698767
21616195
21933422
21660047
21622260
21807930
21730489
22842182
21513096
21528025
22155947
21701566
23840980
21841053
22743749
21882105
22083637
24561271
21797201
22107896
21801866
24783796
22752613
21668444
21936687
21608264
21912895
21910562
21693169
21843385
21800466
21773875
21718361
21676841
21879773
22121892
24380732
22241318
21954881
22960676
21923625
24340612
21925025
22709228
22585136
23123954
23120689
22271175
21966078
21993601
24756272
22103232
21953948
22266509
22318759
21880240
21880706
21911030
21949749
21981939
22105564
21833122
21976341
22006663
21990802
31048089
22066843
22332754
22075708
23197197
22987267
22385469
22086903
22109296
24515553
22438652
22156413
22907960
23693097
22154547
22257646
23323620
22482503
23558741
23965538
22144284
22127957
22190935
22156880
22251115
22147549
22074307
22120959
22455912
22225457
22133554
22202131
22384070
22325290
22232455
22361678
24974132
22312694
22297299
22310362
22465709
22389668
22229655
24170803
22322957
22292634
22642517
22437252
22288436
22334154
23815789
23829783
22396199
24161939
22826787
22698497
23654376
23880634
22489968
22650914
23332484
23964605
22731619
22409261
23513490
25014718
22461510
23336216
22796931
22447515
23764472
23694962
22858977
22792733
24602791
22807661
22500231
22488568
23675835
23963672
22580937
24183865
22731620
22617792
24569668
24342478
22642050
22525889
25839041
22613127
22583270
22544549
22825388
22800663
22484836
22620591
22645782
22447982
22676572
23538215
22683103
22661177
24758604
22324823
22590734
22381271
24029450
23768204
22572073
24211855
23098763
23890430
22454513
23912823
22676106
22447982
25469566
22749813
22616858
22610327
22620124
23174338
23127220
22747481
22722290
25651038
22726955
23303094
24014988
22887901
24957338
22811859
23646446
22624323
24885962
22562743
23610058
22571140
22589801
24937278
22847314
22596798
22544083
22600531
24655040
22910759
22610327
22605662
24840710
23138416
22687768
24729215
23019923
23897894
22667241
24585063
22883701
23877367
23559208
22967673
22673772
22702229
25007721
23166873
22891166
23239182
23213058
22989599
22924288
25307220
24855638
26300886
23716422
23032985
23193464
23882966
24836512
23061909
23359075
24291162
24047177
22776404
22878570
22827254
24707755
23181802
22833785
22903762
24083565
24407323
22914958
23875968
23148213
22952279
24668568
24046710
23254111
23002195
25792857
23265773
22927554
22951346
22908427
25437843
23292364
23013392
22967207
25697222
23573204
23206993
23832116
23312891
23265307
23230319
23356743
23255044
23294230
23657175
23397329
23244781
23315223
25919280
23298896
23260642
24731080
24474966
23184134
23106693
23045581
23995394
24418052
23107627
25730811
23622187
23564806
23346480
23602127
23959473
26924609
23572737
23986065
23508359
23425319
23716422
23659042
23666972
23262041
23218189
25656169
23524686
23281168
23278369
30322666
23566673
23820920
23496695
23504160
25121083
23840513
23623586
23651577
23877367
23751877
23590464
23899294
23631984
24436713
23313824
25200855
23523287
24541211
23340882
25114085
23492497
24609321
23367939
25789591
23597462
23440248
26080227
23407592
26343805
23665572
24772134
23639448
23865705
23722020
23642713
24297693
24081233
23801326
23801793
24710087
24059306
23509758
25410319
24976465
23554077
23518155
23511157
24761870
24779131
23532151
23561074
25072099
25051106
23616123
25562401
23653443
23568538
25260103
25419182
23649245
23747678
24904155
24516019
23643646
23649711
23694030
27385520
23731817
23715023
23664173
26655899
23918887
23902560
24477299
24144212
23991196
23805992
24190396
23960873
24159606
24501558
23980467
24069103
25747605
25575463
23818588
23802260
24925615
24783330
23837714
23814856
25005389
25740608
25790991
24352274
23908157
24963403
25095891
24152609
23884366
24045311
25952870
24606989
24267837
23884831
25247506
25448106
23993995
23928217
25050640
25166334
23931483
23950143
24454906
25726145
24030383
24155408
24057441
25152805
31710999
24201591
24194127
24534213
24649908
24322417
24203925
25248440
46822183
24641510
24409188
25432245
24137214
25657102
24483830
25363667
24234714
24268303
24642444
24390994
26985255
24293961
24348543
24888761
24840243
24340146
24354607
24442777
25805452
24408256
24484764
24356007
24418519
25649638
25204122
24528615
24546809
25453237
25867964
25159336
24265037
25418249
25587126
24599524
24308889
25459768
24706822
24799657
24303291
24315887
26613914
24717085
24379332
24422718
26390455
24808987
25142075
24710087
26561664
24874298
25182662
24752073
25474230
27295018
24711487
24740411
24823916
25899221
24773066
24753473
25008187
24877564
24733413
24907421
25182662
26697419
25683693
25448106
26056435
25094025
24773066
24946142
25810584
24912553
25149073
25049707
24953605
24877098
24989993
25051572
25195258
24874766
26743604
24885029
25449972
24892960
26566796
24873366
25728011
24920017
25756936
26078827
25477963
24949407
25927678
26418446
24899024
24709154
25428513
25989724
24932613
24706822
25965932
26065299
24939610
24971800
26419846
25084228
25586659
25365068
25359002
25476097
26074629
25122016
25204121
25204588
26870494
25073499
25807785
24906488
26301353
24831380
25901554
24821117
26303685
24864969
25735943
24850040
28058228
25759268
25275031
25191059
25342208
25352938
25265700
25240975
25356670
25375797
25343607
25155138
25654769
26407250
25782127
25057637
27314611
28834500
25338943
25445773
25808718
25576863
25370199
25401921
25265700
25410318
25391658
25471432
25423381
25165401
27002983
25486359
25987857
25284361
27175125
25289026
26659632
25381861
27364994
25139276
25928145
25492424
28240634
25676229
25522747
25543274
26622777
25415916
25870297
26047105
25552138
25486827
25797055
25720081
28876486
25597855
26670828
25840908
27079024
25512017
25387927
25338942
26837372
26925542
25497556
25480296
25733610
25558202
25621647
25453238
25808251
26293422
25598322
25669698
25958001
27038438
26293421
26236507
26169330
26840637
26442238
26578459
25820381
26662898
26931607
25784926
25999987
26652634
26302752
25720547
25463967
26572861
28607310
25666433
25818515
25994389
25860034
26248170
25815715
26787921
26107751
26112882
26099820
25878695
26598519
25984592
26626510
26953999
26600852
26649835
25674830
26074162
27573991
25967798
25772796
25579196
28046099
26045238
25685093
25711217
27721875
26018181
26625110
26662431
27360329
25945871
26872827
25967331
26903616
31411967
25982726
25988791
26123145
26026112
26293422
26162799
26211783
26293422
26589655
26034509
26354535
28721138
26155334
26097954
28315275
26025645
25923479
25763933
32056683
26107284
26146938
28552261
26668495
28340000
49874089
26391389
26226711
26189856
26293422
27316477
28117941
26213648
25895955
27086955
27887486
26440372
26182393
27158331
27646766
25982726
27091154
27492818
26794453
26699752
27299683
27862760
26472094
26030310
27259097
27495151
26071363
26010250
27606180
27322075
26212249
26062499
26882624
27936936
26176794
27738202
27287088
27621108
26168397
26068563
27281023
27707879
26191256
26097021
27803980
27639302
26217380
27507747
27064096
27583787
26538805
26139007
27594051
27374791
26239307
26925076
26555600
27440569
27542735
26628842
26220646
27393451
27141070
26673160
26282692
27356597
27592185
26607382
27797449
28110010
27389253
26720278
27155998
26348936
27885619
26416114
26325611
27489086
27295484
26746869
27709279
26343805
27967259
27883753
27983120
26336807
27510545
26710015
28544332
26694153
27255364
26774860
28481353
27690618
26789321
26610181
28894680
26803783
26618113
26489355
29517003
26686223
26923210
26706749
27201716
26971260
27097685
27018844
27098618
27031440
27942534
27823107
28171124
26749202
27924340
26922277
27924806
27237171
27514278
28429103
28984716
26931606
27328141
27416777
27187721
27038438
28737932
27298750
27114945
27011847
27265162
29957855
27219910
27146668
26794919
28822370
27151333
26853699
27007182
29238497
27464361
26925542
29799708
28373588
26819645
28071290
27103749
27995715
26832707
27696216
27211047
28040500
26842970
28299880
29837962
26984789
26870960
27824040
28440299
28438434
26865829
27766659
28090417
28490683
26998785
26886356
28224771
27845033
27243235
26957265
28089017
28534068
26982457
27480222
28111410
28113742
27459229
27407913
28221506
28510742
31435292
29136799
27451765
27794183
27402315
27444768
28413242
27423309
27278690
29098544
27770858
27463895
30414568
29111607
27167661
28710408
27408846
28394115
27182122
28449630
28638099
27332339
28299413
27543667
28632968
28341866
27326274
27183522
30688876
27456897
27747066
27966792
27946732
27624840
28660026
27750331
27612711
27783453
27781121
27635570
30689343
27652364
27357063
28495348
29537064
28096481
28510276
29548260
27605713
27420043
28551329
28833100
27477424
29345329
27827772
28571855
29312672
27660295
28580719
28900744
27683621
27487686
30799440
27872091
27520342
27495151
29476418
27837102
27516143
27720008
30351123
27854363
28730002
28024640
28082953
27871624
28297548
28059161
27970057
29846360
28249030
28780851
27882820
29137264
27819841
30055356
28750061
27902880
27650032
30702405
28001780
27638835
28821438
28602644
27959794
27704147
29808573
28462225
27879554
27894950
28545731
28188851
28065226
28428636
28139401
28062893
28367990
28376387
28994046
29833764
27779722
28647430
29605174
29294945
28116075
30174316
28144998
27743800
29249693
28977252
27805846
29633632
27947665
28898412
29230100
28033036
29368187
29081284
27922940
27859961
30463552
28647896
27964459
29129335
29125135
27915476
29544062
29528667
27994316
29989112
28298947
29170853
29727866
28401579
28239700
28594714
28458027
28541065
28657693
28663292
28417440
30049758
28728136
28081553
28925003
28367990
29301943
28244365
40743094
32819426
29272553
28912407
28574188
29459157
28324138
29387314
28621305
28913341
28312009
29816970
29440496
28134269
28180920
29018305
29686813
29353259
28988448
28550396
29370053
29857090
28312476
30791042
29985379
28480419
28804643
29521668
28623172
28666090
28837766
28672621
28567657
28690349
29117205
28354461
31173580
28713674
30291877
28739799
29106009
30045559
31159584
28744930
28420706
36533310
28859225
28729535
28958592
41595408
37936571
28895146
29842627
28826103
28989848
29831431
39084652
28862024
28769655
33312994
28743064
28783650
29113473
28877419
28694081
30558254
29014573
28756593
29078018
28770588
29717603
30175716
28621305
28832634
31403103
28951594
28851295
45994127
34246946
29528666
29108341
28964190
28934333
29076152
31241224
32428957
28783184
29846826
31370447
28923137
29286082
29071953
29677949
28996845
29015039
29176451
29355125
29114406
29465222
28936200
28757526
30290477
30296075
28902144
30421100
31108268
28809308
30623099
29331799
30129532
28895146
29797843
29644361
30716867
29000578
29706873
30377248
28930134
30285346
29215172
30935193
31281810
29168987
29349061
52190776
29606107
29458690
29461489
29449360
29557124
30799439
29151260
28972120
32272676
29049561
29345328
30605837
31108268
30937526
29335998
29526800
30333863
31132061
29111607
30195309
30749990
29449360
30388444
30574581
29182516
29071487
31680676
29176919
34153178
29360257
29672818
52097008
29691479
30940325
29635497
29832831
29670019
29427900
30136995
29596310
31633559
29593045
29248760
30359520
31195506
29539863
29288880
32038955
29631299
29771718
29875284
29726467
29568787
29909339
29708739
29685880
29966719
29770785
31900869
29633165
30910934
30512536
30511136
30798040
29705940
31345256
29716203
30738327
31415232
29579516
31347588
31036893
45564006
38846266
33313926
45992728
46711620
32605298
30245226
29955057
31040158
29535197
31562183
30297008
30755121
30361386
29835163
31823894
29891611
29581382
31709133
32558647
29853824
29804374
29940128
30150524
29969518
29828632
30163120
30009638
30385178
30412236
30449090
30005439
30287211
30468217
30025033
30572249
30113204
31270613
30139794
29784314
30889009
31542589
31063483
30777980
31224430
29883214
31426428
31211368
29816970
29752125
33149249
30039961
30060954
30096409
30264353
30401973
30218168
30324532
30403838
30468218
30598840
31402636
29969518
31474945
30265752
31087275
32470477
30382379
32241887
30438827
30221900
31613498
30870349
30424365
30827896
31460483
30565251
31026163
31673679
30363252
30330131
30415968
33801896
31627961
30050224
31796837
30044160
30888543
30381912
33687601
32076276
30363252
32010965
30567117
30378648
31469813
37807814
30850755
30744857
31410100
31681609
30455622
33032621
30499940
30178515
30173383
32883338
31423163
30561053
32506398
30232163
31683942
30551256
37676259
31288808
30673481
31507601
30630096
30656687
31853285
30808770
30665551
31318198
32257282
31584575
30636161
32214363
30666018
30388444
32456016
31775844
30419234
32321194
32173310
31913930
30822298
30973914
32240021
30798973
31075146
31254752
30737859
32068345
31751119
33546715
31257552
30525598
32335656
31690006
30503206
32419160
32142987
30632428
33366642
31097538
30993974
31086809
32182174
31767913
31019165
32387438
32881472
30973913
32326791
32039422
30625431
32194770
32233024
32649617
31022897
31916263
32073477
30954320
32280608
32184973
32648218
31224429
31051821
31213700
31233760
31077945
31209035
53526393
32529257
30939392
31541656
31656884
32411696
30750922
32215296
32243287
34824019
30986043
32400967
32505465
36930310
31674611
31130195
31135792
31251954
31432959
31279944
31296739
31151654
31885007
32553982
32607631
33571906
31224430
31263616
31907866
31228161
31138125
31683475
31855617
31438091
31836957
32389305
32257282
31348988
32191971
31973178
32546984
31106402
32219494
32548850
32574975
33591967
31198304
31113867
33341917
31192240
31846753
31426428
32191971
32094003
32824091
34355643
31149788
31370914
32279208
32345452
31188974
31206702
34759640
31194573
32875408
32679007
31226762
32797966
32626758
32761112
31628426
31270148
32785837
32477008
31382576
32443419
32652416
31450220
34678001
31530460
31593905
31861215
31678343
33252814
32665478
32804032
33298532
31698870
36463800
31612099
31427828
34962572
31698403
31639156
32257748
32719127
31427828
33389968
32685538
31391440
32694868
32822692
32705598
31701203
31612099
32614629
32430357
31833692
32709796
32657081
31818763
33758043
31733392
31563582
32979439
39471855
31833691
32518994
31902735
31874277
33148782
31879409
31846753
33669873
33500064
33823822
32077676
31617697
32840885
32551649
32030558
32881005
33174441
31986706
34549711
32845551
32073943
32151851
32244686
31914397
31982508
34620153
31986240
33656345
34204027
31901802
33341918
33298532
32056216
32475142
32140654
35481797
32157915
31851418
34480667
32194770
32068346
34049612
32263346
32136923
34227353
31902268
31892471
33122657
33119858
31954517
33511727
33198699
32179841
32715861
33109595
32300201
32871209
33423089
33516858
33269608
32163980
32312796
33355446
32622092
32732189
32569844
32442486
32635621
32851149
32170977
32115463
35323184
32200834
33397899
35132381
32142987
34381301
33315793
32170978
35095061
33701596
32205966
33167442
32870276
32829223
32883805
32520860
35217752
33733785
32648683
34587498
32785838
32183107
33513593
32986437
32212497
32265213
34980766
32365979
32294603
35536379
32598301
32531590
32952382
33112394
32825024
34911723
32830156
33870006
33747780
33110995
33619024
32611829
34500261
32785838
32305332
34678001
32705598
33632553
34475069
32795635
32677141
34702260
32711663
32460214
33998763
33031688
32517594
33097933
34274470
32716794
33378772
33632086
33729120
32905264
34485799
33888200
33462276
33763642
33720723
32921592
32617428
34570704
32908530
33604095
35001758
32948650
34992428
34615022
33331187
33209895
33422624
32970108
34061741
34230151
33087669
33991299
34303393
33246283
33549048
33514525
34225486
32815694
34352844
34214291
32925790
33776237
35087596
32756447
33904994
34272137
32846483
33486535
34351910
33703929
35957170
35617085
34462474
33850879
33417025
35200492
33590100
33236952
36299123
33895664
33226689
35604956
34038883
33140385
35807421
33267276
33241151
33663809
33436152
33917124
33640017
33310661
33351714
34089265
34648611
33872805
34040282
34640213
33887267
34388765
39794213
34788564
33633952
33514526
33815891
33692266
34648611
34990096
33688534
34671003
33486535
33419824
35926847
33374106
33162777
37380025
33496799
33479538
34449878
37408949
33991298
33914792
33848080
33891465
33582170
34487198
35184631
33297599
36655536
34772703
33531320
35562970
33784168
33676404
34019755
33823355
33762242
34422820
56174303
34198895
35397359
34547845
33719790
34647212
34190032
34232485
34612690
36131645
33721190
34581900
34538981
33433820
35558305
34893062
33403496
35850807
35882529
33865808
35398292
34852476
33508461
35364703
35030682
33505662
35126316
35016220
33636285
34621553
35196760
33580770
34620621
35148710
34960239
34354243
35165970
34900060
34490931
36749304
35137980
34145246
34222687
34438681
34354710
35165037
35401091
34271671
34041682
34492330
34305260
36659735
34314123
33673139
36108786
33977769
33763175
35545243
35021352
33858809
34930383
35406222
33888667
35351175
35346976
33862076
34608024
35251808
34742379
35029283
35049343
34725585
35129582
35133314
36022948
35692193
35080133
35118386
34423753
35071735
35495326
34212890
36357436
34255343
34233418
34601960
34366373
35001293
35595159
36356969
35488795
35528915
33974971
36066334
35158040
35477598
34331851
34730716
35470601
34082268
34070139
36668131
34050545
35238745
36605153
34494662
34340248
36470331
34456875
34071538
36178762
34451744
34201695
36375630
34535249
34219422
36116250
34740513
34160175
36939640
34563239
34308525
36759101
36222149
34565106
36639675
34266072
36086860
35832146
34283333
35837277
37611415
34267006
35245744
36040209
34307126
37440672
35026484
34994295
34836148
36020149
35331581
34958840
36123715
36306120
35032548
35570901
36001023
34570238
35789694
35434213
34673803
35894658
35574166
34727918
35675399
35190695
34865538
38796349
35927314
35421151
37422477
35273734
34850609
37627742
35105324
34631816
37048803
34864605
34579101
36595356
34869270
34634149
37517179
35084798
35392227
36316849
35004558
35936178
35332981
35058673
35528448
36499255
34756375
35944575
36088727
36095724
35504656
36248272
35042811
36127913
35925448
34785765
35744909
36236143
36386360
35526115
37168230
35138446
35835412
36559435
36035077
35885329
37290922
35093661
35778964
36302854
35241545
36412951
36032278
34913588
35535446
36470331
42201870
35383364
37275528
35901656
35503257
36457269
35729514
35581630
35809287
36632210
35052608
36140975
36097590
35321318
36429745
36609818
35747242
36224948
35793892
35357706
38437603
36467999
35184630
37787288
35157106
36697055
36802952
36251072
36670931
36366299
35903522
35691260
35547108
35825615
35849873
36227747
35855938
35411821
38250066
35207956
38035938
36671397
35715518
35885328
35584895
35753306
35754705
35847074
36032279
35764502
60604746
35811153
38552831
35771500
39875853
35888128
36124181
35816751
38650798
35827481
35951572
38260329
35437945
37609548
36957367
35503723
37273194
36799687
37700984
36355570
37672993
35477598
41255789
35936644
36056538
36184827
35772433
36258536
36000557
36095724
36812283
37047871
37989754
35532181
37047403
36379828
35917983
36661601
37128110
35651140
36832343
36681194
35590028
39162093
36416683
35541044
38521108
35677265
36073331
38596683
35950639
35708987
38045268
35938044
35736978
37542837
36054671
38099383
38186155
36417149
36377962
36310318
36009420
36310785
36161502
36844939
36761433
36472664
36890190
36959233
37507383
36771231
37244271
42615664
36443740
36331311
38565426
36710584
36359768
36462400
36192759
36707318
36280928
35969766
40280783
36076597
36565499
58915980
36734842
36654603
36403154
38294384
37550768
36780094
36343907
37197620
37328243
36221215
38094719
36817415
36398023
38612078
36128379
36744639
37955232
36338309
38250533
36162435
36947105
36947104
37959897
37207416
37410815
36488525
37459799
37742037
36091526
37576426
37479392
36237077
37097320
37558698
36274397
37450002
37545170
36315916
37075861
39232535
36568299
37513914
38354564
37517180
37491055
37647335
36578095
37526043
42531692
36908851
36681194
37005884
36631744
37416880
37087991
36864532
37470062
36812283
36569231
39137834
36818814
37087058
37289523
36760501
37129510
38061129
36943372
37374893
39069723
37801750
37676726
36913515
37360899
37642671
38916708
36988624
37793353
37992086
37108983
37741104
37339439
36954102
38234205
38167028
37266197
37940770
36927044
38889650
37104318
36684459
39140633
36962966
36653669
39017941
38647999
37171029
39231603
37033876
36719914
39391616
38061596
38005149
38221142
38008414
37369762
38335903
38432005
38418476
36965765
37794286
39288050
37122512
37907181
38842067
37947301
37099653
39269390
36928444
37117380
38893849
37222346
37458399
38801948
37180359
38085854
37796619
39123839
38523907
37798485
38059730
39159760
37545170
37541438
38778622
37750434
37610481
37626342
37536773
38441335
61731834
37018946
40683381
37423411
39822204
37527443
37340839
37690721
37991619
37640805
38382555
37450935
39343565
39258194
37630541
37971560
37717779
37710780
37595553
37626809
37809215
39646796
38258463
37229810
39744763
37565230
37661797
40390879
37893186
37958497
39093049
38418943
38021476
37937038
37789621
38816409
38531372
37620744
41322033
38332172
37708915
38741767
38736170
37380026
38503381
38180089
37902050
38530439
39108444
38870524
38135305
37902049
41689643
37862863
38012146
38362961
38001883
37933306
38751564
37980890
38181489
37925375
38682987
39230670
38967091
39407943
39051529
37911847
38670392
39139233
37530241
38589685
40381549
37603017
40763621
37701451
38344767
41667716
38124108
38613477
38325174
39851594
38215078
38211346
38599948
39818938
38848598
38357363
40039131
39567023
37672527
41821665
38365294
37739704
39778818
38122709
37864729
40396944
37894119
39014209
39080920
37865662
39173289
39186351
38379756
40216871
39337500
39171423
39324438
38062063
40805140
38240736
38255664
39038467
44963141
44672039
46898224
39959357
47433776
43976473
53955583
50615373
50011710
57267801
49592317
46121951
52010704
46745209
55567374
58872595
58372963
39312775
38700248
38767426
38703047
39399079
38690451
39818938
39063659
39411209
39842264
39786749
38178690
39222272
42073114
38546300
39261459
38767892
38864925
38494984
39117308
38919507
40707173
38578956
42315232
38826672
38579421
39549763
39001147
38851397
39492381
38973156
39007212
39983616
39844130
39584284
40926432
38742234
40365221
39690648
38348966
41008072
38364361
38477256
40997808
38556562
39162092
39814274
39511975
39047797
42235925
39644464
38991350
39253528
39089783
40569085
38681121
39197080
39035669
39215741
39415873
40025602
38799148
39755493
40047995
38943299
39995745
39474187
40678249
40041930
38874256
39220407
39031470
38897581
39704177
39212476
40028401
40530832
39873520
39082319
41341626
39575420
40234599
40114705
39239066
40059191
39496580
39255861
41567884
38825739
41049125
39149963
40461322
40254659
38777688
40830331
41428397
39531568
40296644
40094179
39152762
40020004
39764823
39553961
42401069
39692980
41803937
39655193
39201280
41086445
39176088
40150627
39952360
40072719
40812138
38945166
41071983
41482512
39948162
39886583
41608469
39232069
40137564
39976619
40316704
41524964
42205136
39246531
42700569
40090913
39883316
39779752
39846929
39876319
39751761
39768555
40306907
39824536
39799345
39685983
40003210
40137098
40225268
39576820
42151954
39761557
39184019
41680312
39340299
41380346
40951624
40847126
40748225
40790678
40434731
40905906
40840595
40960021
41482512
39589882
41707836
39528303
42109034
39668256
39322572
42330160
39517106
41426530
41119101
41186278
40901707
39384618
41799272
40656790
39432668
40591012
40678249
41574881
41001074
40354491
40151093
40915236
41035129
39479319
40411406
40315771
42173880
39896379
40440329
41220334
41098575
41089710
40463654
40002743
41135895
42513498
39970088
41667717
40068987
42771945
39866988
40764087
42824194
39665923
41479247
41252056
41884644
41144293
39763424
40764554
41211936
41005739
41389677
41372415
42719695
40401609
40390879
45633049
40334432
40353092
40479049
41173683
39801677
41016002
40988012
42947819
41009938
40224802
40610606
40505174
40415137
41495574
41686376
42323629
40180484
41864116
41449856
41978878
40343762
42485507
40366154
44460710
40384814
40387147
40937628
40823334
40632998
40393679
42099704
43442320
40656324
40672184
43140021
40455257
41862251
40360090
40688046
63061853
40933430
41475048
41714367
42657650
42243856
41054722
42884840
40424001
41607070
42549420
41340693
42037658
40367554
41651855
43021528
40793011
41002007
41120034
40720235
40970284
40913370
40817269
42833057
42524695
41891174
40327434
41560885
42123963
41563684
42211667
42030661
40682915
43058848
40756622
41388277
41853388
41832861
41797406
43894367
40793477
41157821
41264186
41113502
40826133
40704841
41420466
40674051
41758219
42101571
41823997
42239191
41902837
41241793
43917226
40983813
43621459
41041194
42808800
40920368
40959089
41137761
46527815
43170345
43196935
41051923
43481040
40662854
41659319
42254119
41766150
41924763
59411881
42257851
42535424
41210070
41521699
41393409
41369150
42261583
42735091
42433259
40705773
42005003
41932228
43713361
41725563
41502572
41665384
41493708
42000338
41714834
41879512
42548487
42694037
42232193
41127965
42718762
42016666
43224460
42877842
41239927
43883171
41362619
41450789
41935960
41765217
43574342
41344425
43215129
41524965
41512836
42780809
41607536
41636926
44280638
41546890
43978339
41302906
41061254
43249650
44681370
42154286
41618267
42122097
41792741
43211397
44493832
59779024
41733961
41872047
41653721
45771602
41732561
41920098
42248988
42847053
43802464
42655318
42896036
42574145
41306171
43804797
41583745
45008393
42012934
42054453
42091307
42468247
41929894
42864313
42006403
44454646
41559020
42922161
44646847
42165949
42043723
42162683
42046989
43489903
41865050
42880175
42838189
43801065
43634521
41836593
43817859
41485311
42826993
42911898
43670909
42812531
41817466
42762614
43833721
42470579
42987473
44161677
41881378
42631059
42004069
42417864
41968148
42049321
42408067
42935224
43026659
41604737
42906300
43122760
42735090
43641519
42823728
42637590
43179208
43052783
43120427
42821395
42036259
44600196
43209065
43288371
